3296.00
9757.99
245.37
8339.18
2862.94
5450.30
6491.90
115.97
4519.49
3912.47
7626.58
6697.90
6162.91
773.95
3797.11
1534.47
767.54
2134.46
6630.45
4965.67
6656.39
5.49
4160.28
5685.90
4350.11
8003.48
4994.96
4497.51
6566.06
7611.62
783.41
3157.45
2919.40
319.22
1045.56
6138.19
5898.31
5954.77
9429.61
8107.24
9666.43
2517.78
5453.05
4946.44
8264.41
7834.10
802.94
1114.54
4765.16
8333.69
4240.24
1173.44
7950.99
5273.29
4185.31
8283.64
8069.70
3713.49
3040.86
7488.33
8239.69
4559.77
2314.83
6592.91
3057.04
4983.06
2606.89
2454.91
977.51
7534.10
7521.59
5497.91
2024.90
3257.85
5567.19
258.19
7398.60
9129.00
9109.17
4782.56
2535.17
5109.71
4433.73
6681.72
191.96
1157.57
1988.28
8661.15
5110.32
9479.35
860.62
1332.74
6824.55
2354.81
6558.73
6128.73
2178.11
840.48
6152.53
6120.18
4109.32
4662.92
9843.13
7563.71
8267.46
8615.68
3019.81
9979.86
4026.61
5773.80
7868.28
7579.58
1452.99
2837.31
8590.04
9852.29
794.40
7915.89
9300.21
4125.19
6050.90
6065.25
8662.37
7908.57
9189.12
2894.07
324.11
3837.70
6564.53
1546.98
3217.57
5026.70
4114.20
3379.62
780.66
3643.30
2878.81
7636.34
3175.15
519.43
1422.47
447.10
1545.76
8609.58
6706.44
8452.41
8401.14
8109.07
9985.35
7365.95
3164.16
6045.72
9282.51
797.45
6965.24
8155.16
5012.97
9637.13
5733.21
5855.28
310.07
7319.86
5650.50
6130.56
2625.51
1283.61
34.79
7137.67
8156.68
5927.61
1709.04
7348.86
5672.48
7390.06
9919.74
1039.16
1296.12
5452.74
5871.15
7939.39
803.55
2889.49
5936.46
9854.73
1008.64
7565.54
6602.37
2074.95
6789.15
7605.52
219.12
2379.22
5322.43
4938.51
5612.05
5449.39
4089.18
7538.07
2617.57
5510.12
4210.03
5660.27
4610.74
5001.07
5675.83
2404.86
8079.78
2097.54
6035.34
3899.96
3317.36
4891.81
9102.15
9430.83
5285.50
5046.85
5245.52
6821.19
8718.83
8733.79
9822.69
3383.59
6529.44
7669.91
1319.62
7745.60
5575.43
8064.21
5763.42
2867.52
8853.42
286.26
8962.37
5567.19
8181.10
7072.66
3143.71
2858.36
6429.33
3075.96
9549.24
417.49
3368.94
3578.91
3545.03
3495.59
4192.02
5179.30
3821.53
5578.48
4771.57
6258.13
2230.90
5119.17
2722.25
49.44
5834.22
5645.31
8326.06
8117.31
7719.35
9559.92
4379.41
7054.96
8147.83
943.63
9034.09
6222.42
2600.18
7678.15
683.61
9328.59
8275.40
8191.78
8968.17
7675.10
5609.30
3152.87
949.74
7871.64
6378.37
7413.86
6531.27
1838.44
4944.61
2520.83
2169.87
1904.05
4210.33
5105.44
6962.19
8814.97
2839.44
1464.89
145.27
5466.78
5313.88
3647.88
4095.58
4171.27
1381.88
7354.96
1870.48
271.61
6465.04
6970.73
3368.94
9916.68
9584.64
8034.30
9165.01
4806.05
368.66
2466.51
6079.90
1727.04
1705.98
6861.17
3556.32
9681.08
9604.48
9155.86
4894.25
2425.00
6820.28
3996.09
2413.71
9234.90
1820.43
2099.98
604.88
1703.24
9637.44
3942.08
6330.45
9384.75
6180.91
3065.28
138.25
2102.73
2573.02
9333.48
7755.36
1727.04
1059.60
7438.58
5812.86
1238.75
9070.71
974.15
877.71
3890.19
2985.93
7388.53
5845.82
277.72
8170.11
4127.63
2759.18
6135.75
6840.11
1282.69
6113.47
8664.21
327.77
1055.33
5715.81
4208.81
7298.50
9349.96
3155.92
5095.68
4488.97
9806.82
952.18
8442.03
1528.98
5593.74
8437.45
4751.12
6406.14
9257.18
3443.71
9105.20
3136.39
5958.43
3852.35
2766.81
8209.17
397.35
8068.79
8007.14
7357.40
2741.78
8484.45
3962.83
9227.88
3872.80
6992.40
6348.16
7506.03
5259.56
6613.36
8819.85
8059.94
3773.00
8299.20
8820.46
2668.54
6758.63
6973.78
5704.21
5892.21
7669.61
5875.42
3960.39
6650.59
7582.63
3261.82
9347.82
1071.20
2905.36
541.70
750.14
8169.81
4585.10
5894.34
5570.85
4923.55
9135.72
2437.82
1468.86
2303.23
6793.12
5015.11
2261.12
8825.04
7113.86
4651.94
794.09
3181.55
7322.61
4754.17
6600.24
2521.74
3733.02
8106.94
1153.90
7934.81
1541.18
8735.31
8537.86
3702.20
3314.62
7691.27
4328.44
1887.26
1482.89
6831.87
520.95
8813.75
5146.34
9642.63
9300.52
5003.81
6512.04
3177.89
3470.26
5135.96
7272.56
178.84
6358.23
9584.03
237.43
5424.36
9004.18
4100.47
6532.49
5385.30
7446.52
9208.35
3676.26
5245.22
7918.33
5860.16
4849.70
2341.38
2767.42
8932.16
4668.11
98.27
4910.43
5110.02
1770.99
1508.84
3634.14
6732.99
3539.54
6231.57
9558.09
8158.21
3255.71
361.34
1569.57
6204.72
5017.24
2940.76
3543.50
1245.46
6714.68
8269.29
3660.08
502.33
6392.71
8077.94
4131.90
115.36
2298.35
2629.47
4156.01
7538.99
1936.40
4807.58
3897.52
835.90
437.94
6252.94
2323.98
6429.03
3561.51
9617.91
6699.12
1868.04
5632.50
5992.92
6547.75
5184.79
7738.27
1574.14
9908.44
7387.01
6489.15
2630.09
4680.32
9662.46
8657.49
2830.90
2884.61
1852.17
2010.86
2005.37
644.55
3755.61
7645.50
385.75
1702.93
5828.73
4137.70
7402.26
7286.60
841.70
8826.87
9090.85
130.01
3055.51
6534.01
3178.81
5475.33
6477.86
1040.07
5907.16
6850.79
8767.97
9627.67
9652.70
9454.94
2344.13
6000.85
5415.51
8944.37
9266.03
1899.78
9231.54
8446.91
1441.39
2715.54
6572.16
1611.07
2736.59
7423.93
3796.81
4500.87
4535.05
8146.31
717.49
4150.82
1322.37
9654.23
3338.11
6596.27
7849.97
4124.27
834.07
2186.04
4443.19
1464.58
5833.00
993.99
2017.27
514.54
2054.20
6141.24
3364.67
1439.86
8381.91
7838.68
2269.36
4629.96
3417.16
5968.20
7021.09
6411.63
9590.14
4008.30
9883.72
6893.52
877.41
2122.56
9083.53
248.73
3201.39
2218.09
4879.60
2754.91
1563.16
2791.53
6280.40
8897.67
2980.13
6370.74
9963.99
854.21
9283.43
7368.69
7969.60
1669.06
8843.96
3158.06
5724.05
7433.70
1284.83
6182.13
6956.39
8779.56
4246.96
9913.02
7076.02
7004.30
6262.70
6469.92
1565.29
5137.49
4812.46
8710.59
958.28
9259.32
3614.31
4607.07
8960.23
385.45
8215.89
6720.18
5277.26
2236.40
3950.62
4582.35
9713.74
5187.84
5317.54
2806.18
9102.45
1734.98
852.08
2724.69
3628.65
3768.12
2545.24
381.18
4112.37
6977.75
3877.07
8679.46
6808.07
2701.19
5526.90
6505.63
7289.35
2525.10
2819.60
2634.97
9974.97
5950.80
3974.43
7239.60
4864.65
6440.93
3216.65
8800.32
8042.85
6158.02
7815.18
9246.80
7514.88
4704.12
3106.78
5129.55
936.92
2180.55
4575.33
7642.45
6805.63
1874.14
1037.93
9300.82
5663.32
2884.00
8013.55
97.35
2888.58
8005.62
5324.26
940.58
9629.81
7177.65
8002.26
7190.16
3445.23
1810.36
4554.89
102.85
5215.61
304.57
1660.82
9005.10
3883.48
73.85
9351.18
1992.86
5592.82
6383.25
5740.23
7987.61
8781.70
3317.67
5374.92
7945.49
1796.01
7192.30
253.00
8044.07
4585.10
7713.86
7585.99
2651.14
1042.21
7212.74
3357.95
9893.80
3551.13
3249.31
5750.60
7633.29
6302.38
4916.23
7492.60
2669.45
8943.45
8140.20
1197.85
972.93
7119.97
303.35
6755.27
1770.68
1478.01
9494.31
4829.25
3288.06
1682.79
8694.42
5539.11
2964.57
7020.17
227.06
6374.71
9956.97
142.83
765.71
8413.95
2735.98
5525.99
2225.41
4902.19
9597.46
9186.68
8842.13
1259.19
4891.20
1241.49
5760.06
573.75
8792.08
7854.85
9432.66
3647.88
3408.92
4145.63
5151.83
7655.57
3064.97
4613.48
2022.16
2477.19
1540.88
2646.57
684.22
8772.85
4109.62
5674.31
4109.01
6853.54
7164.83
7527.08
6768.09
419.93
3262.43
4564.35
2494.89
4223.76
4383.68
7138.28
6354.87
9718.01
1232.34
2946.26
823.39
7759.03
1380.66
3847.16
1602.22
2420.73
4076.05
2690.21
3369.24
4986.42
4518.27
1731.32
787.07
2175.36
5424.67
9191.87
5076.75
7673.88
8690.15
5522.93
1469.16
1027.56
4959.87
5943.48
7850.28
2960.30
3922.54
805.38
9906.92
1181.07
3141.27
356.15
3092.14
5740.84
8228.10
5458.24
6718.65
8004.70
2182.99
827.05
491.96
2297.43
6703.70
2352.37
8799.71
4289.99
3279.21
5062.41
3065.89
5183.87
6884.98
3296.00
7484.66
5760.37
82.09
9645.38
8445.39
9356.67
346.39
4228.34
2961.52
7827.39
8427.08
857.88
6416.52
9559.31
554.22
1666.62
4936.98
3598.44
2309.64
6751.92
2709.13
8953.83
6966.15
401.32
9548.94
3136.69
6113.77
466.63
9035.92
9005.10
5384.38
2439.95
2530.90
3966.80
3085.12
4802.70
9380.47
611.90
4556.11
7204.20
8627.28
2832.73
60.43
8038.27
2537.61
6491.90
9026.46
2973.42
7256.08
8707.24
8443.56
1003.45
902.43
4811.24
8238.47
9581.90
4423.35
7048.25
1430.10
5397.81
5508.59
4071.47
1886.04
2362.13
887.78
5306.86
7486.80
3361.31
7317.73
9238.87
1514.63
7342.75
6573.99
9686.27
75.99
8296.15
4758.45
9129.00
8373.06
7690.97
1236.61
3147.37
3633.23
6934.11
7515.49
5038.61
7514.88
1409.34
1375.16
4669.03
5793.63
2659.99
6568.80
629.60
8150.58
281.38
3397.93
9754.33
5867.79
79.96
482.80
3061.62
248.12
66.53
3034.76
2188.79
9569.69
842.31
7944.88
5373.09
7386.09
1944.64
1002.23
7048.56
9991.46
708.33
6554.46
116.28
5852.84
5212.87
4918.67
4956.82
4831.69
7871.94
7863.40
4239.02
0.31
1229.59
7466.05
7594.53
9871.52
2529.37
8663.29
5217.75
3845.33
8610.49
804.77
4454.48
8699.61
7701.96
8525.04
8440.20
8919.34
9673.45
7239.60
852.08
8691.67
1303.45
3588.37
5838.19
8371.84
8133.79
6130.25
7182.23
3234.05
9462.87
6601.76
5771.05
7321.09
8051.09
7059.24
9425.64
202.34
1092.56
3208.72
4156.93
9456.77
4021.42
9242.53
909.45
6687.52
3710.44
4489.27
6857.81
9889.22
2626.42
7196.26
5313.27
9971.01
508.74
5748.77
3310.04
4253.67
5125.28
2649.01
926.54
4753.26
8676.11
1555.83
1409.34
4060.18
1402.02
2706.99
6158.33
6629.84
8965.73
7032.08
3641.16
8295.54
5160.07
4267.71
6292.92
1816.77
6516.92
5391.71
4466.08
1274.76
367.75
4683.68
1498.46
3128.76
2926.42
1729.18
8950.77
6743.37
8953.83
8676.72
6086.31
2204.35
9566.64
3060.09
2650.84
8228.10
9752.50
1502.43
9016.08
7983.64
2156.44
4608.60
2745.45
5637.99
8698.08
8363.90
5655.38
1433.76
6583.15
2347.18
418.10
8117.92
272.23
75.08
787.07
6526.69
5970.95
1785.94
4490.49
3147.98
197.45
4977.26
2867.82
7464.83
9001.74
3011.57
6304.82
1897.03
9383.53
7099.83
9533.98
2157.05
9486.37
1975.46
5857.11
822.17
9120.76
575.88
4360.79
1947.39
7182.84
8034.61
9179.66
9522.08
7528.61
307.32
4871.36
7589.65
9869.38
7738.58
6973.48
4837.18
7248.45
8877.83
1791.44
1474.04
6662.19
4869.84
4492.63
1202.73
4389.48
9716.48
9560.23
6105.53
2587.97
6733.30
2675.25
7249.37
8725.24
6512.04
8086.18
8828.39
4402.29
6694.23
527.36
8654.13
5136.27
8878.44
5755.18
2803.43
7661.06
2967.31
8755.15
7243.26
6309.09
4267.10
3689.99
4235.05
5040.44
3656.73
4648.27
6343.27
6677.45
6131.78
1255.53
5847.65
5907.77
8044.37
8212.84
2382.58
7621.39
8342.54
2818.99
6610.92
7140.72
4129.15
9552.60
2742.70
3909.12
5849.48
5755.79
7718.44
5198.22
2416.46
7504.20
9860.53
1395.92
1597.03
9708.55
4812.77
9441.82
5956.60
9518.72
1578.11
5966.67
9689.02
7093.72
6463.21
6703.70
6633.81
2793.66
7748.04
3731.19
4800.26
4861.90
8890.65
7109.29
7705.92
6657.61
3079.62
2472.30
7843.87
7502.67
6945.71
1145.66
2592.85
6201.67
6245.92
4337.90
7881.71
1303.75
1334.27
7983.64
9916.99
7162.39
5230.57
9788.51
291.76
9859.62
2095.71
5046.54
4789.27
2055.73
8933.68
2790.31
1180.76
827.66
8326.67
8832.06
6351.82
7558.21
5019.07
7264.02
8047.43
3937.19
4159.67
6980.19
1564.99
3140.66
4019.29
4776.15
6697.90
246.28
990.02
1596.12
5246.44
951.26
9685.96
3487.04
4408.70
2651.45
5950.80
3820.00
6360.67
6948.45
5590.38
8345.90
9342.33
7643.06
6639.91
9645.38
557.88
3281.66
7976.93
2534.26
6209.30
8314.16
2097.54
6991.18
8964.20
1927.24
4863.12
163.58
8184.45
8619.34
32.04
4022.64
3217.57
9569.99
1391.34
219.73
5068.51
8880.58
296.03
8719.44
6760.77
3733.94
1431.93
1757.26
7704.40
2546.46
4614.09
9698.17
2377.70
168.77
5432.91
346.39
8640.40
4200.26
2558.37
8281.20
5984.07
1480.45
4521.62
5767.39
9043.25
8816.49
3775.44
1817.38
6664.94
7014.07
857.88
955.23
1863.77
2269.05
6462.90
8253.43
2964.57
3986.94
4234.14
2197.33
1250.65
3089.69
2095.71
1951.66
5426.80
9872.43
4927.82
575.88
8213.75
5475.33
6404.00
763.88
5381.33
6030.46
2801.90
4665.06
2537.92
3546.25
6597.49
4348.58
9985.05
2593.16
2657.55
4475.84
949.13
6853.24
4843.59
3742.18
3509.93
4594.87
5835.44
6650.90
1526.23
7136.14
7993.41
2180.55
4882.96
9357.58
8066.35
910.67
4365.67
6330.76
3558.76
7167.58
1474.65
5121.31
3574.02
7748.65
8496.35
5828.42
1938.23
3796.20
9137.85
928.68
5426.19
7375.41
5042.57
6981.11
4893.95
9320.05
8496.96
7757.50
2135.99
9915.46
6639.30
2861.72
278.02
8970.61
7487.72
901.82
514.24
6851.41
3094.88
1271.10
3009.43
3030.79
145.27
3608.51
4769.43
3721.12
3306.38
8995.33
2300.18
5153.36
1644.64
1954.71
1861.02
4060.18
3422.96
7313.46
5132.30
1931.82
9587.70
986.36
3100.38
4600.06
1259.50
8756.37
5983.46
3720.82
1543.32
2096.62
2001.10
1710.87
6962.19
5113.68
2805.26
6705.83
8837.86
1660.51
8383.74
9099.09
9920.65
6692.10
9248.33
6224.56
6590.78
918.30
8723.11
6750.39
1933.04
2822.96
3138.83
1336.10
7.32
7107.15
2753.38
1127.66
6620.99
3620.11
1205.79
642.41
6916.41
5843.68
6318.55
6614.58
5091.40
2987.15
58.29
9357.58
6557.51
4758.75
472.73
8210.39
7852.72
2876.37
3409.83
7628.10
4622.64
8378.25
6834.31
5477.16
2977.69
8796.04
5556.81
104.07
4544.21
4256.11
9184.24
7733.39
517.90
6567.28
1104.16
6760.16
5034.64
358.59
1319.93
500.20
3168.13
333.57
942.72
4962.61
3873.71
3696.10
1157.26
3196.81
3179.42
1817.99
4474.93
2793.36
7950.07
205.39
1080.05
8084.96
5524.16
829.80
8091.68
3618.88
9548.02
5883.66
4542.99
464.19
7309.18
7024.14
9899.29
1909.24
8888.82
9169.90
8922.39
119.02
3441.27
2907.80
695.21
310.68
2917.87
4579.30
4618.98
4011.96
8540.30
8099.92
1195.72
7964.11
344.25
7585.07
408.34
230.11
5101.78
4835.96
5511.64
75.99
2931.00
751.37
5043.49
3180.03
7914.67
4729.15
874.66
8739.89
3032.32
1116.67
5104.53
33.27
4721.82
6776.64
3615.22
5004.12
7383.65
8825.95
9102.76
8421.89
3136.08
6616.41
1387.68
2194.59
7140.72
7013.15
7829.83
5382.55
3803.52
7036.96
1647.08
484.02
4168.83
2934.66
961.64
7553.64
9817.50
9734.49
6377.15
2712.49
3580.74
352.79
9908.14
2619.10
2383.19
8319.04
3064.67
1456.95
2527.54
3167.21
6915.19
2004.76
2731.71
2575.46
1927.85
7353.13
5235.76
298.47
416.27
4823.45
283.52
3968.63
9391.77
8663.90
4298.53
1820.43
6635.94
3069.25
7062.90
2402.42
7815.18
2101.50
8212.53
6343.58
7436.75
8064.21
8361.77
4227.12
1467.64
4896.69
5168.31
9647.21
4426.10
8152.71
9653.92
1496.93
8756.37
8119.14
3089.08
4563.13
9304.18
7647.33
9759.82
2479.32
700.09
1248.21
5920.59
2108.22
466.63
7024.45
258.49
3410.44
5659.66
7993.10
6168.10
3865.78
5857.42
4368.42
1155.13
1505.17
311.29
3362.53
3687.25
5621.20
2067.63
8068.18
2791.22
9213.84
6875.21
1985.84
722.68
2241.28
9690.24
760.83
4011.35
9729.61
6591.08
7683.65
3197.42
3810.24
4917.75
4529.25
6575.82
3747.06
9444.56
4286.32
8250.68
3010.96
7398.91
7345.81
5825.37
7470.63
144.66
7706.84
8028.50
3757.74
4334.85
767.54
7596.06
1870.48
349.74
9258.71
9721.37
1078.83
834.68
8883.33
1380.66
3192.24
7144.69
227.97
1854.30
2251.35
6515.09
8506.12
9746.70
4713.58
7766.04
7692.80
6826.38
9181.49
8352.61
621.05
3995.48
9752.50
579.55
1593.68
9697.87
2037.72
9784.54
3079.93
6081.73
5924.86
2307.50
3054.60
3230.99
4135.87
6060.98
4546.04
6773.28
653.10
1504.26
3952.15
9178.75
8069.09
5847.04
9689.63
66.23
7923.22
8282.42
7736.14
5822.93
3092.44
9072.85
5632.80
3851.74
6292.31
290.23
1500.90
1764.58
3755.00
1035.80
9646.60
6825.46
8146.92
4938.51
9304.79
5962.10
9783.32
2753.99
8094.12
1655.32
210.58
7875.61
6739.40
4020.81
7212.74
7564.01
6627.09
4393.75
5302.90
7715.38
6753.14
731.22
771.81
3975.34
1630.91
142.52
5344.71
7014.07
6717.43
8860.13
7515.49
4771.87
2920.01
4966.58
5618.76
9494.92
6750.69
4186.22
1704.76
2361.52
7683.34
4057.44
274.97
3526.11
9285.87
6793.12
943.94
379.65
5678.58
6148.87
9091.16
1848.51
9892.27
8605.00
3560.29
1540.27
5678.88
4178.90
5477.16
7549.67
9345.68
7177.95
7237.16
1736.50
3167.52
2205.88
5735.95
6291.39
6948.15
5738.09
8897.98
393.69
9283.73
8571.73
9569.99
4787.13
5099.03
9470.81
5838.80
7070.22
1016.27
5314.19
1838.74
5528.12
5114.90
8059.33
8110.29
4308.30
2651.75
3834.35
5568.10
7759.03
4299.45
4474.62
2151.25
6737.27
8467.06
6808.68
6205.63
4705.65
4264.66
14.34
5671.25
6423.84
6676.23
6352.43
7130.65
7051.30
500.50
5591.30
3783.38
4473.71
4625.39
8435.62
6410.72
2662.43
3195.29
9272.44
6387.22
8883.94
5237.89
3545.34
4810.33
2566.61
9306.92
68.97
6801.35
8643.76
4709.92
3600.88
5048.07
3177.89
5880.92
7974.79
1646.17
4086.43
1455.73
5117.65
2305.06
4774.01
4623.25
254.52
1977.60
3490.71
6302.99
8620.87
5981.93
6223.03
7720.27
3985.41
5668.81
5933.10
3937.50
4309.52
2707.30
5959.35
4906.46
4842.37
1043.12
387.59
5599.84
3971.68
595.72
9210.49
1788.69
2140.87
1757.26
1079.44
3028.96
9146.70
4754.17
1473.74
9413.43
123.91
2934.35
9085.36
3658.86
5540.33
4042.18
8243.66
5087.74
5501.27
8545.79
184.94
7063.81
3688.77
9077.12
986.05
4451.12
1238.75
45.17
8964.20
2652.67
5872.98
1493.58
9367.96
4793.85
6597.80
6250.80
9163.49
8614.76
9281.90
4451.43
9731.13
9628.89
3423.87
4477.37
282.91
2115.85
5426.80
4391.92
9820.25
4510.03
8685.87
2920.62
431.53
742.21
5806.45
4047.98
9759.21
4105.04
3264.26
4288.77
5430.16
5197.00
3818.78
6699.12
9278.24
513.93
6992.10
685.75
4160.89
3245.03
2927.95
1681.57
1188.39
2840.36
9942.32
9744.87
171.82
4908.29
1076.08
1145.66
1111.18
8010.50
9967.34
2008.73
9526.66
8910.79
1348.00
8062.38
3452.56
2845.24
6487.93
9567.25
4904.94
374.16
8886.07
5482.35
3630.79
7379.38
533.16
5934.32
5957.52
9764.40
4052.55
7043.98
6552.02
9431.44
1028.78
7185.28
5903.81
3083.59
1845.76
8729.51
1338.54
425.73
7336.04
4338.21
4386.12
3319.80
7562.79
1874.45
2303.54
2461.32
8041.02
6985.99
6571.55
3137.91
8713.64
7426.07
6178.47
6631.98
5993.53
8179.88
8500.32
8829.00
3184.91
1448.10
5589.77
2597.74
9596.85
561.85
8691.06
5502.18
3656.42
1881.47
8785.67
9405.19
345.77
3748.89
5989.87
3532.21
8261.36
6551.71
5610.83
7555.47
6617.02
2963.65
3673.51
6254.16
7502.98
2424.70
9736.32
2327.65
3706.78
8919.03
9800.10
8908.35
7418.13
6117.74
7132.48
8348.03
120.24
8949.25
3809.63
8836.02
8991.06
5653.86
798.06
5409.10
112.00
9394.21
9378.95
6924.04
3817.26
3472.70
1736.50
5541.86
2472.91
9232.15
3518.78
301.22
6018.56
686.36
6181.22
1333.96
5570.54
4961.09
1929.07
6284.07
405.90
2588.27
9072.54
5502.49
8638.26
6733.91
598.47
7569.51
6894.44
5410.02
3785.21
1712.39
9313.33
5738.70
3657.03
8682.52
1166.42
4329.97
8105.11
6647.85
7427.29
2833.34
7476.73
3671.07
1586.96
2731.10
6453.44
3331.10
5044.10
8427.99
1022.98
5050.81
2366.41
2708.21
8366.04
5695.06
2749.41
3616.14
2458.57
4000.67
2975.25
6826.08
3218.18
4401.38
2189.70
2560.81
1991.33
1808.53
3808.10
1127.35
1202.73
3912.78
4861.29
6124.76
979.03
2566.30
8097.78
9391.16
555.13
811.49
7149.57
6753.14
7279.89
7114.78
79.04
8637.96
1030.61
3370.77
1617.18
4608.29
6852.63
8239.39
9403.67
5890.99
3630.79
2374.65
4544.82
4951.02
1610.46
7115.39
1802.42
6182.44
6579.79
3188.88
9719.23
6773.89
3521.23
1003.45
6002.08
1810.97
7552.11
9080.78
8471.02
2683.49
4959.26
2195.20
6886.20
2850.12
2147.28
5788.45
5966.67
34.49
5306.86
8207.34
4912.26
8905.91
8618.73
7343.97
3744.62
3311.56
3805.96
3227.94
1773.43
2124.09
8847.32
3140.66
8507.03
7761.77
8659.93
811.18
2313.91
1449.02
5570.85
6255.99
7155.98
4278.08
2384.41
7824.34
2692.65
8131.66
5859.25
3018.59
8084.96
5532.70
3409.53
9640.19
4796.90
2484.51
840.78
3832.82
8717.00
3358.26
3932.00
6584.67
6907.25
1894.28
1679.74
5245.52
9293.50
7382.12
4014.71
1630.91
610.37
75.08
1801.81
3267.62
2913.30
4908.60
1940.06
9346.29
3965.58
7579.27
5371.56
7945.19
1822.57
2051.76
811.79
6084.78
915.25
3553.58
2018.49
9178.14
9952.70
6118.66
1404.77
1435.59
6951.81
8747.52
7813.96
3792.23
1709.95
9241.00
1267.43
915.56
1030.61
9771.72
2497.02
3858.46
7015.59
3259.07
74.47
9917.29
3734.86
4604.63
2952.36
6263.01
2591.94
5854.67
1226.84
8901.33
1687.67
9351.48
2935.27
3528.24
9504.99
7933.29
9703.67
9844.36
8218.94
6250.80
9049.35
5883.66
6951.20
2256.23
6163.52
3932.00
276.19
2933.44
2972.20
4583.57
2296.82
3325.91
7298.20
506.91
1592.76
2930.39
9932.86
6481.22
7368.39
8515.88
2430.49
7261.88
2097.23
7429.12
3437.60
9845.58
989.41
454.42
6369.52
1685.54
3581.35
8283.03
6247.75
1433.45
7772.15
659.51
8509.78
3758.05
1611.38
2268.14
7603.99
4810.63
3154.09
4418.16
8182.93
9897.46
3693.96
6592.30
6705.22
9920.04
4689.17
6922.21
6261.18
8151.49
3689.38
5650.81
2433.85
3902.71
9584.64
648.21
3006.99
4647.97
2475.66
9036.84
9333.17
3169.65
8492.69
3993.96
2175.05
1285.44
4862.82
795.92
9832.76
6720.18
5547.35
1157.87
1364.48
4681.84
2756.13
9938.66
2725.30
712.91
4654.38
3273.42
8619.95
6367.69
4571.98
2192.75
7895.75
4286.94
2031.01
791.96
5282.45
4231.70
900.30
3015.53
7292.70
6631.06
4993.74
7115.70
5092.62
5217.75
6419.26
1849.42
2160.41
5304.12
6997.89
3478.50
9541.00
9268.17
8058.72
7629.93
6511.73
5805.84
8927.27
5082.25
9469.89
4519.79
9415.57
5543.69
6855.98
2397.23
6631.98
8476.52
2924.59
3749.81
1416.36
5037.39
8175.91
169.99
4719.08
192.57
9256.57
2070.68
9232.76
9073.46
6152.53
8368.48
6590.47
6627.40
9472.33
5874.81
5443.89
4639.12
5644.40
4957.12
731.83
5173.19
2837.00
3030.49
9452.80
4504.84
5411.54
2444.53
3252.97
6604.21
9725.64
4328.14
3147.07
230.72
9093.91
4951.32
6675.31
8706.63
723.90
6173.28
2817.16
6425.37
2436.29
6530.05
4972.08
1162.76
1980.96
4533.83
7316.81
6252.33
6766.56
737.33
4856.72
1683.10
6809.60
134.89
2478.71
8190.25
8721.27
1453.29
3322.55
3390.30
3538.62
4904.02
1778.92
4037.90
6221.50
4951.63
1431.01
3450.42
9614.86
9666.13
3249.61
8175.30
701.62
3219.70
4352.24
2956.63
1952.57
3089.39
2644.43
8067.26
5583.97
8530.23
7651.60
8062.38
3538.62
1879.94
2851.95
6025.57
1005.28
9259.93
9831.23
2363.05
6281.01
2228.16
9560.23
2213.20
4795.37
6960.66
1117.89
530.11
110.48
2503.13
3168.74
8905.61
9701.22
4679.71
8502.76
3193.15
8335.21
7198.40
6957.00
5994.75
6864.53
6530.96
7029.02
3072.60
9237.95
2125.92
1492.66
7749.87
5548.57
8512.53
7332.38
2362.44
3930.78
863.98
5301.68
823.69
9115.27
580.16
9429.91
1364.48
456.25
2450.64
1776.79
3511.76
7249.67
9965.82
2757.96
8369.09
4138.00
329.60
2345.96
6258.13
4438.61
5748.16
2463.76
788.29
4182.26
2544.63
5883.97
3414.41
4696.49
4673.30
1941.28
7541.73
6530.35
3186.74
4376.96
6248.67
2542.19
8225.35
1622.36
2684.10
2959.38
5087.44
4837.49
7201.15
224.01
944.85
4015.63
292.67
6435.13
3765.37
7466.96
5392.62
1199.38
2.44
4994.05
597.55
2710.96
2621.54
70.80
3383.28
9858.39
6016.11
1336.71
7365.64
8183.23
9384.14
8722.80
5179.91
7501.14
5122.53
4515.21
6532.79
3989.07
3803.83
4677.57
5493.33
4565.57
2297.74
733.97
6086.31
6360.67
6599.63
7536.85
246.28
9103.06
5927.61
7220.07
7199.62
3224.89
9653.62
4661.40
8332.47
1504.56
3627.12
4759.36
6612.45
7056.18
7456.89
6836.76
4622.03
5478.38
9311.81
6489.46
265.82
3977.78
9804.07
186.16
4221.32
5275.43
1516.77
2936.19
8184.15
9113.13
5739.01
4335.46
7980.59
9166.84
2968.84
3303.63
606.40
8186.90
8750.88
6826.08
9250.77
9169.59
1405.38
3012.18
5372.48
5377.97
3217.87
3780.63
1891.23
7023.83
1644.64
7488.94
6552.63
7419.97
2103.64
6815.39
9530.32
6419.26
8907.44
2206.18
4331.80
3952.15
5902.89
6205.02
6068.00
1471.60
3384.81
8970.31
6143.07
4123.05
2835.47
297.56
7439.19
1448.71
6062.50
8460.95
9048.43
9440.29
292.37
1177.40
4618.06
1748.71
5786.31
9020.05
3373.21
2872.40
7532.27
6578.57
7877.13
1124.00
7586.90
1690.73
7589.65
4200.87
9623.40
8050.78
2294.08
5160.38
2246.47
1507.61
4446.55
1621.75
2642.60
5371.87
4511.86
6001.77
7122.10
5033.72
8355.66
9597.16
119.02
7213.35
743.43
8327.89
8213.75
4151.13
4022.03
2955.11
729.70
8052.92
6031.98
1580.25
3485.52
6099.73
6328.32
7244.79
7243.87
1339.15
4757.53
8438.98
7436.75
9765.92
1466.41
5334.33
6719.57
8906.52
2395.09
9549.24
6920.68
8221.69
9321.88
264.60
1948.00
6637.17
8522.60
4497.82
8215.89
7514.57
7104.10
4350.41
4150.52
6377.45
1077.91
9039.89
5346.23
1704.76
4232.00
4531.08
6921.90
4100.77
1868.34
8575.40
9651.48
4157.23
8465.53
3973.51
1425.82
4321.42
3327.43
7875.00
607.01
5077.67
3287.45
9922.48
2842.19
759.30
6521.50
7058.02
7895.14
5303.20
6538.29
7802.67
8060.85
3253.88
409.25
3818.17
4723.96
6340.83
297.56
1570.18
4626.00
927.46
2350.23
1899.47
2399.06
6657.31
2017.58
315.26
934.17
1600.39
9860.23
5825.07
6143.07
4217.66
6905.42
1111.18
7677.24
7454.45
3619.80
1869.87
2166.20
5273.90
1555.53
8118.84
538.65
6946.62
1734.37
5292.21
5986.82
9404.58
8834.50
7935.42
4138.62
2974.33
5238.81
3805.35
2000.49
803.25
4010.74
1198.16
7229.53
7288.43
4857.02
7308.27
4302.50
5819.88
2140.87
435.80
9141.21
1157.26
9010.29
3858.46
8756.37
6745.20
6699.42
4168.83
7475.51
2281.56
3072.60
1902.22
6314.28
1854.92
9463.48
7261.27
7053.74
7958.31
9881.89
8748.44
7588.73
1695.61
1644.34
7523.42
108.65
4493.24
1494.49
5295.57
8671.53
1624.50
6271.86
8562.58
7734.00
2867.21
2196.11
7010.10
8204.29
598.77
1825.62
8884.55
2574.85
648.82
2756.43
1150.55
5699.33
6214.79
7119.05
7245.70
2777.49
159.00
5940.12
245.67
1109.65
5996.58
7430.65
4253.67
7182.23
2885.53
3261.21
1821.04
5649.28
4935.45
1888.49
220.04
1768.85
144.66
2994.78
4373.91
3862.73
9278.54
2103.03
9261.15
7353.13
9999.69
9431.44
9602.34
6947.54
6568.50
2047.49
9649.34
8530.23
419.32
3386.64
878.93
7322.00
1931.52
9194.31
415.05
3872.19
8698.08
3958.56
7980.90
4446.85
618.00
6894.13
4199.96
7371.75
7114.17
1535.69
8062.38
1896.11
6790.37
8012.33
6354.87
1138.34
4847.87
2054.51
2884.61
5675.83
8562.27
9808.65
293.89
9342.94
6143.99
2507.40
2290.72
3795.59
9288.00
72.02
9096.65
3413.19
4726.10
7700.43
3933.23
7088.84
5100.86
4503.31
3356.43
8480.48
4460.59
8260.75
9249.25
1281.47
8703.57
5346.54
5286.11
1071.81
6270.64
9896.24
5687.73
314.95
9406.42
1272.93
9066.44
8059.94
1299.78
3900.27
5186.93
914.64
9415.88
8514.66
7448.35
6853.24
328.07
8912.32
8900.11
8410.90
6374.10
3244.42
4606.16
6845.00
9433.27
3924.38
8171.33
3808.10
2149.11
5212.26
5236.67
2107.61
1906.49
2538.53
1763.66
2107.61
7872.55
2625.51
9913.02
5337.99
6417.13
8476.21
9335.31
1874.75
5227.52
8283.33
6683.86
3051.24
1423.99
2333.75
1164.28
6062.50
3991.52
6957.61
8927.58
2028.87
5842.77
9593.19
4127.93
4078.49
5821.41
4027.83
9451.58
7011.63
5958.13
9877.01
3927.73
5108.49
4294.87
5362.71
844.45
9646.60
8587.60
7457.81
3566.09
2684.10
1198.77
8453.32
2079.23
8680.68
496.54
3015.84
8072.76
504.78
9068.58
4795.68
1362.35
1407.21
4062.93
6646.63
5481.43
9507.13
9976.20
3523.97
5237.28
6362.50
9188.82
2118.59
4057.44
6185.80
570.70
6293.22
3933.84
7267.07
1466.11
2381.05
5772.88
2163.46
3366.80
3411.66
2972.81
8225.35
6592.00
6322.52
6033.51
5012.05
4283.27
1223.79
1015.05
168.46
1029.69
6776.94
9655.75
320.75
6432.69
744.35
3963.74
8550.98
8925.44
9783.93
3092.75
5019.38
159.61
7538.99
5316.32
2293.77
5270.55
5094.45
2911.16
1946.17
9331.95
2858.06
2765.28
3983.28
5317.24
7929.62
518.20
5670.03
3876.77
6020.39
1051.36
1312.91
241.40
1988.28
3137.61
9559.31
8572.04
8044.98
1062.96
9780.88
9057.28
3704.95
1035.49
4101.99
8083.74
6533.71
5189.06
6633.81
6780.30
7758.11
998.87
6478.47
8256.48
1804.56
8920.56
6064.33
8843.65
3826.11
6060.67
1378.22
3652.15
4275.34
8701.13
5653.25
1759.39
4597.61
1476.49
3074.13
1337.63
3093.97
6030.15
4068.12
35.40
5027.31
6951.51
8738.98
926.54
6024.35
7813.04
6.10
9337.75
2845.24
5117.04
3017.67
865.50
576.49
2963.65
2390.51
5903.20
313.12
6256.90
3848.08
974.76
6391.49
5254.98
1815.24
2207.10
7234.11
9284.34
9530.63
1236.92
8872.95
2421.64
3241.98
8875.39
5207.98
8967.56
7047.64
6836.45
4069.64
1510.67
9942.63
2847.07
3141.58
9407.94
1635.18
9447.31
4810.33
483.41
8696.86
1791.74
4004.94
3765.37
7603.38
4773.40
8084.35
6067.69
6237.07
4770.65
2839.75
234.69
405.29
6338.39
3674.43
7857.60
6942.96
9152.50
6017.33
4273.81
9958.50
5521.71
4041.57
8667.26
1786.86
3776.36
1745.35
7077.55
5214.39
7850.89
5456.40
1131.02
8530.84
8367.26
1827.14
307.32
9980.77
5538.50
381.18
555.13
3168.74
9198.58
4669.33
7065.65
9988.10
6272.77
1104.77
4019.90
2624.59
1006.20
9537.64
9122.59
1213.72
8254.95
4624.16
5730.46
8696.86
5155.19
2067.02
393.99
9451.28
1489.30
8776.51
8619.34
3252.05
4050.11
1019.01
6666.77
1128.27
5323.34
9623.40
2196.72
4673.60
1801.20
6289.25
1575.37
5380.41
2234.26
83.01
6653.34
5553.76
1138.65
8164.01
8829.00
7369.30
7870.42
9813.84
3210.85
1640.68
6575.82
7830.13
687.89
2853.18
7338.18
6345.10
724.51
2033.14
3823.05
9132.05
2689.60
4008.30
7743.77
7462.69
8533.89
626.85
5453.05
1579.03
4626.30
6497.70
6979.58
4839.32
5564.75
8808.56
2813.81
4603.72
7770.62
7792.60
8764.92
8919.34
5680.72
9400.62
4192.94
3069.55
8352.00
6742.15
3934.45
5049.90
9284.95
1859.19
9231.85
4029.05
7284.77
4394.36
7977.84
864.89
1170.38
8717.00
9589.83
4730.67
6142.77
6066.47
4827.11
4917.75
4624.16
3279.52
5858.03
1877.19
9387.19
4663.23
6898.40
6563.01
1775.57
8570.82
723.59
2134.46
2842.19
5250.71
1378.52
7090.67
201.12
7527.08
8384.04
3887.14
8423.11
873.13
2765.89
2107.91
5773.19
4444.11
209.66
248.42
5111.24
9626.15
1658.07
5173.50
1763.36
7671.44
6660.97
3317.06
6180.91
2974.33
9792.47
2678.00
4193.55
3557.85
5448.47
9684.74
2676.17
5324.56
1332.74
9979.25
3436.99
1646.47
5950.19
7194.74
3138.52
4843.29
411.69
8782.31
2070.99
1120.94
9874.57
2949.31
9581.29
5529.04
4917.14
5775.93
8977.33
8499.71
8173.77
2567.83
9717.09
531.33
6531.57
2511.98
9694.20
6581.01
4208.81
693.38
5435.04
6722.62
7022.61
6540.42
3017.98
4640.34
3162.94
2753.07
7527.39
516.37
780.97
3790.40
3855.10
9873.65
7706.84
7962.89
6664.63
4939.73
3609.73
2205.27
2322.76
92.78
9910.89
3587.15
622.88
7951.60
7762.99
6623.43
9100.62
7672.35
9410.08
446.79
7761.77
2015.14
3235.57
4911.34
7032.99
4743.49
7818.54
9676.20
6747.95
4916.23
5301.98
5347.76
8980.07
9639.88
9393.60
730.61
2535.17
1834.77
8305.31
5255.29
1919.31
4592.12
7948.85
645.16
8588.82
8665.43
5695.97
883.51
7297.89
4675.74
18.62
4542.68
5361.19
6585.89
6321.30
8542.13
7632.37
8002.87
4273.81
7390.06
5021.82
7879.57
6964.93
6982.33
9362.16
7169.71
7182.53
7007.35
2430.80
3004.55
1134.68
1031.83
1949.83
1951.35
4926.60
8324.84
2366.41
8915.37
4102.30
6477.25
3234.05
3248.08
1565.60
8891.87
3002.11
8630.33
4192.94
6194.34
1029.39
8278.76
3449.81
5633.72
5632.50
2054.81
323.50
7534.10
979.64
7026.89
9885.25
2859.28
649.74
8050.78
5792.11
953.70
657.98
9936.83
46.39
1520.13
9771.42
7756.28
8316.90
9900.81
9919.43
6858.73
6142.46
9717.40
4514.91
9156.77
6325.57
1943.11
7500.84
7242.96
2829.37
4458.14
925.93
2903.53
1493.27
1156.04
3875.24
1586.05
2874.84
4666.89
554.52
9387.80
7534.10
1751.46
351.57
4126.71
9072.24
5439.62
7680.90
7056.49
5236.67
2962.74
4426.10
6789.15
2403.94
3554.49
2792.75
1985.84
3756.22
5175.63
1384.01
4380.93
6457.72
4227.42
2311.47
8700.22
8152.71
7313.76
2152.47
1036.10
8087.71
9121.07
4569.23
2242.50
3178.81
5468.92
7400.13
7912.23
4330.27
5602.89
2034.97
1495.71
3320.41
2785.12
7889.95
2133.55
5567.80
7251.81
9790.95
3751.34
9085.67
591.75
1080.36
6989.65
4943.08
5617.54
259.71
530.41
9542.22
784.63
3977.48
3376.87
4022.34
3226.72
4180.73
4655.29
1108.13
9461.96
2235.18
2496.72
4710.23
7842.34
7835.93
8567.16
2591.02
1802.42
5508.59
9799.49
7413.56
7969.91
6527.60
3898.74
6476.03
8203.38
9053.62
179.14
5455.49
9617.60
4304.64
2293.77
6465.04
1659.60
1579.64
4421.83
5739.62
4300.67
9938.05
7477.34
1265.91
6398.21
9352.40
6896.88
5663.32
8302.87
9148.84
8575.40
4632.71
7760.55
6542.25
4504.84
6283.46
3181.86
3083.59
4686.42
1652.58
3335.06
1828.67
6872.16
1727.96
7528.31
3042.08
701.32
1286.66
5341.04
1250.34
7796.26
4863.12
9972.23
1452.99
4373.30
5158.24
4259.77
7307.96
7941.22
9204.38
3442.18
9100.92
4638.20
2591.94
3718.99
4313.49
8782.31
7082.13
673.24
8601.95
1185.34
1902.83
6624.65
9994.81
7802.97
4056.22
963.77
4131.29
5277.26
7936.03
2544.33
3343.91
4937.90
9579.15
8183.23
7400.74
1820.43
5854.37
6339.61
8722.19
270.09
3909.12
30.52
9882.50
2685.93
1178.62
8049.26
6208.08
2975.86
1276.89
8542.74
1287.58
1278.42
6077.46
4021.12
8202.15
1518.91
9298.07
1850.34
4293.04
8357.80
1903.13
9297.46
2276.38
5097.51
4635.46
7188.33
5516.83
9108.86
7985.17
1243.63
276.19
6338.08
4917.45
5150.30
2745.14
1461.23
6664.94
4434.95
3673.21
5242.16
6898.10
5200.35
8409.38
5661.79
4588.15
6787.32
5164.65
4380.32
873.13
2426.83
9311.50
5091.71
241.71
6940.52
6526.99
5337.99
1344.04
5554.06
2601.40
8339.49
7744.68
2890.41
2715.84
6411.02
3930.78
6196.48
8005.00
2519.61
6884.98
1873.23
2219.31
1550.65
8537.55
9369.49
6297.49
7843.87
9410.69
1497.54
3657.95
559.10
8765.83
5244.61
4031.80
3440.96
1567.43
2126.22
8637.04
534.68
7578.05
2160.10
4516.43
4427.63
2889.19
510.57
847.80
8567.46
9213.54
876.49
5038.91
227.97
1235.69
4673.30
1419.42
5682.85
7350.08
85.15
344.86
4144.72
4082.16
39.06
520.65
2040.47
9520.25
3166.91
2363.96
4178.90
6058.53
6820.58
5210.73
3375.96
7773.37
6198.31
6185.49
5099.95
2737.82
8648.64
3541.37
8698.08
5591.60
7210.30
2286.75
1767.02
676.60
2456.13
4908.60
9233.38
1052.58
6696.68
5007.48
3698.54
3702.81
9611.80
6653.65
8621.78
6244.70
9370.71
7278.36
892.06
5455.18
8300.73
6914.58
4362.01
2928.56
7173.07
1595.81
896.33
8171.64
7159.34
3729.06
506.91
4455.09
3530.69
7251.20
7129.73
7730.03
156.25
384.23
1608.33
3925.90
8864.10
3803.22
8450.88
4935.76
2727.74
7019.87
7912.53
8609.58
7343.97
808.74
9980.16
3061.01
9157.38
8477.74
1806.09
604.88
4900.97
3797.11
5168.92
1634.57
1211.28
8405.41
5510.42
3755.00
8482.62
6496.78
9120.46
6480.30
8020.26
9607.53
27.47
6811.43
6560.26
9312.72
3159.28
6005.43
7211.52
645.16
5335.55
2847.99
888.39
4051.64
653.10
3741.87
7293.31
8691.06
1833.25
4925.69
9512.01
4900.36
4081.85
7133.09
1286.05
8627.58
3036.59
8005.92
1023.29
5651.42
3357.34
2573.63
1606.80
8400.22
9522.39
7114.17
71.11
3178.50
5395.67
6699.73
6200.45
618.61
4125.19
1755.12
4117.86
7165.44
4936.37
3925.90
5923.64
408.95
8381.91
6577.04
1447.49
6080.51
6612.14
235.60
3176.98
9515.06
226.75
8283.94
422.99
9404.89
8270.52
3220.62
1787.77
6647.85
2937.10
8801.23
9995.12
6106.75
5542.77
8368.79
8144.47
4090.70
5329.45
4689.17
1458.48
9371.32
7665.64
1603.44
3576.46
548.42
3202.31
2807.70
1462.14
7574.08
4549.70
8074.28
7989.75
249.64
2034.36
2228.77
6264.53
1509.14
5102.69
7192.91
4747.46
8298.29
928.68
2402.72
7242.35
7865.54
6796.47
3924.99
6805.63
2274.54
7807.55
7570.42
7649.46
8953.21
6489.46
6328.62
4091.92
87.59
5857.42
7428.51
622.58
8680.68
2496.41
9342.02
2142.40
4076.66
1226.23
4041.87
8442.33
4779.81
7909.18
4824.37
1982.18
1361.74
1966.31
5010.83
3035.98
7285.07
5164.95
7843.56
1258.28
446.49
8232.37
2881.56
7741.33
3257.24
1869.87
9216.29
6623.13
4068.73
3722.95
812.40
308.85
7761.77
7867.06
4295.79
7367.17
8303.17
8380.38
4487.75
7164.22
1094.09
3556.93
8012.63
300.91
7911.31
2331.92
280.16
8912.32
2258.67
9469.28
6162.30
5890.07
7944.88
1087.98
9668.57
7098.00
8691.98
7080.90
2944.73
5634.94
1595.51
1986.76
9896.85
2211.98
2241.58
888.09
4754.17
705.89
4298.23
1887.57
892.36
2949.92
1392.25
1727.04
216.68
1825.62
4081.85
6119.27
8428.60
6718.96
9742.12
1342.20
6480.91
400.40
8170.11
8673.06
3538.32
1396.22
728.48
8208.56
1755.12
905.48
5834.22
3649.10
8178.96
8337.35
8607.44
4600.06
4098.64
4516.13
7494.74
7952.21
7145.60
6632.59
5676.14
4911.95
6459.24
3989.99
70.80
5235.15
6235.24
8616.60
5752.74
5230.26
7962.28
9802.24
8586.08
1096.22
6662.19
6624.35
3900.88
4151.74
1450.54
7525.56
4014.10
9523.61
5720.39
1000.70
2408.22
4853.97
7273.17
6465.35
7386.40
589.62
3698.23
9356.97
3010.96
8416.70
3323.77
9541.00
139.47
9399.09
7042.76
7078.46
5371.56
8391.67
1331.22
4419.08
717.80
6280.71
7773.06
9084.14
1805.17
6622.21
9396.65
5897.09
7426.68
8235.11
9144.87
2832.12
8256.17
314.65
783.72
9534.59
7531.36
1629.38
7565.54
2580.03
1524.09
358.59
8958.40
6537.06
2609.64
6142.77
755.33
4889.98
2741.78
896.33
8875.70
9889.22
155.03
9960.63
2165.29
5388.65
7100.13
143.44
4521.32
1735.89
1425.82
6221.81
1637.93
6773.58
9825.13
2459.49
2699.36
2017.27
5548.27
711.69
2323.07
8072.45
8405.71
1668.45
3071.38
8350.47
9867.24
809.96
3841.06
5149.69
1068.76
5628.53
4445.63
7161.47
6547.75
5683.77
1698.05
2464.37
1506.39
2052.37
7315.90
6069.83
5428.33
7734.31
2948.70
6079.29
9852.29
5578.17
2651.45
7520.07
3119.91
5290.99
8110.90
7916.81
9908.14
6089.05
6935.64
3664.97
8359.33
6558.43
9329.81
1267.74
2620.62
8283.94
3453.47
2498.55
3609.42
4810.02
4791.41
7550.58
5808.28
2497.63
9833.37
5239.11
2912.69
4835.35
9387.80
4315.93
136.42
6772.06
1834.16
4960.48
5990.78
632.34
1629.99
4507.28
1345.87
174.57
3385.11
6477.25
8596.45
4356.21
6812.65
6967.99
8728.29
7370.22
2874.54
7475.51
9116.18
6511.73
6427.81
8198.19
9851.99
4440.75
5689.26
896.33
1420.64
7400.74
3828.85
5363.32
1539.96
5956.30
3003.02
8570.21
3967.71
9815.67
6145.21
552.39
7097.38
3293.56
6816.92
6096.07
5151.52
2985.93
2445.45
6285.59
9784.23
4208.81
1246.38
8978.85
4906.16
7773.98
8153.02
2270.58
2545.55
3655.81
61.95
7.32
2556.54
3118.08
5707.88
3412.89
3987.24
5857.42
477.61
7892.09
920.44
3730.58
1482.28
9071.93
601.21
7625.97
3190.71
7143.77
6659.44
9041.41
8945.59
3568.53
5244.00
2932.52
8669.09
9208.35
6880.09
3393.35
8074.89
7944.88
1860.71
8728.90
9692.37
4849.70
1986.45
7488.33
1023.29
2969.45
6464.74
2015.44
139.16
7782.52
4781.64
1081.88
4031.19
3397.63
4361.40
8164.62
28.08
9553.51
5818.66
6929.53
5591.91
3477.58
3626.21
487.69
6805.32
5676.44
5001.68
5980.41
863.67
3708.91
4831.39
1058.99
2883.08
3013.70
9439.99
3823.97
2336.19
8849.76
7021.70
2782.37
9431.44
8409.68
7545.70
8385.57
6743.67
7175.51
9941.71
2714.01
6414.08
8572.65
9388.71
8869.59
8227.49
986.36
2511.06
6632.59
8879.97
1207.92
3296.91
5957.21
7752.62
8364.82
7553.33
4857.63
9500.72
7402.57
8707.54
3251.14
8770.71
6183.05
2770.17
9322.49
7360.45
5254.68
5269.02
9969.79
9133.27
4362.62
7969.60
1892.76
2995.09
4759.36
8192.69
4893.03
9256.87
1379.74
8541.83
3937.50
9680.78
3939.94
9854.12
1558.89
6537.06
1025.42
5185.09
7148.96
972.62
6230.96
7644.28
4707.17
6011.84
411.39
9884.64
5612.96
4495.38
9111.30
8072.15
7975.71
7276.53
9229.10
8135.62
9130.53
1980.96
3986.33
7115.70
2844.33
7647.33
256.66
7423.63
7786.19
5557.73
7322.31
6823.63
8832.67
1574.45
1117.89
1948.30
7768.79
289.93
3027.13
8165.84
4943.08
6308.79
7289.35
3601.18
8443.56
2967.62
6084.78
136.42
2356.94
3813.29
6357.31
9192.17
669.88
7143.47
7437.06
5105.75
8380.38
8928.50
3527.33
3924.99
6373.79
4423.66
116.58
419.02
1638.23
3785.82
8380.99
1126.44
9366.74
2006.29
6631.37
6251.72
8521.38
8472.55
2883.39
8219.86
7416.00
6471.14
7594.23
9707.63
879.85
7944.88
642.11
8953.52
5566.58
3816.95
1607.72
5172.89
4969.94
5192.72
7414.78
1876.28
709.25
5753.35
6398.51
916.78
1648.00
653.71
2865.08
5065.77
7403.79
2236.70
1196.33
1942.81
7817.93
7876.52
3573.11
7102.27
4944.91
261.54
369.88
9091.77
9123.20
5435.65
7291.79
4297.62
5687.73
8899.20
8308.66
4389.78
3895.08
5095.37
8454.85
4170.96
4613.79
584.43
5554.67
2654.81
8347.42
6223.64
4934.54
5175.02
153.81
8659.93
6187.63
9344.46
3020.11
6456.50
6050.60
2672.51
6257.52
1158.48
6456.19
4658.65
477.31
8612.02
1825.31
1164.28
5713.37
848.11
4659.87
3891.72
4250.01
3852.96
3495.59
2764.06
4719.69
1517.69
2284.62
4033.94
9033.17
1103.55
5265.97
1925.11
8703.57
516.07
6382.95
6621.60
2129.28
2711.57
7319.86
6418.04
9393.29
7543.26
3208.11
6840.72
6146.73
6362.80
75.99
4556.41
3136.69
9687.49
3096.71
8876.92
2941.37
3245.34
9697.87
8673.97
473.04
2714.93
6601.15
7517.62
8814.97
2463.76
4847.25
4850.00
6951.81
8609.27
1872.62
6004.21
957.98
1702.32
4698.02
8887.60
5204.32
9359.42
3294.78
132.45
5146.95
4140.45
8189.03
8538.47
8262.89
7000.64
1364.79
8605.00
4688.86
1615.34
4534.13
1980.65
4132.51
9901.42
3828.24
9631.95
615.56
4037.29
4980.62
2545.55
1609.85
5304.12
8059.63
3783.68
3131.81
5052.64
5814.39
9692.98
7354.96
8113.35
4696.80
3091.22
4307.08
3958.86
2620.93
6237.68
4209.11
5934.63
2524.19
6398.82
2023.38
3867.31
5791.19
1828.06
768.46
364.70
4603.72
964.69
5170.14
6119.57
7279.27
2670.98
2201.91
4529.56
5659.05
313.43
88.50
948.21
8611.10
7508.47
2322.15
6873.68
707.72
8336.44
8267.77
4394.36
142.52
9844.36
6906.34
1199.07
4945.83
9644.15
5289.77
1468.86
1565.90
6421.40
8265.02
2955.11
4876.86
6167.79
1025.42
5568.10
3669.24
1947.08
1064.49
1776.18
698.57
10.68
1078.52
4138.00
1342.20
71.11
9396.34
272.23
9934.08
2550.13
9483.02
586.26
7836.24
610.68
5096.29
9066.44
2313.61
9788.20
2644.73
2449.42
270.09
3028.35
7316.81
8085.57
5910.21
3953.67
4541.76
5804.01
6389.97
6158.02
3346.05
4097.42
4519.18
1354.11
3165.38
5932.49
2574.85
4180.43
678.12
4502.70
6293.22
6477.25
8218.33
4236.58
3096.71
8852.20
334.48
7370.53
3624.68
2341.07
57.07
1401.10
626.24
7980.29
1432.84
7730.34
4278.08
7098.61
9891.35
6809.60
7992.49
148.93
7008.27
108.65
3773.00
6885.59
1224.40
4205.45
1188.39
5697.81
1083.41
7321.39
9017.00
4924.47
2552.87
3608.81
3631.70
3945.74
6989.04
5508.59
3187.96
6876.43
1309.24
9479.66
1669.97
6669.52
6933.81
5427.11
1868.04
2440.57
9058.81
5130.47
1340.07
7829.83
2824.79
9988.71
425.73
3208.11
7943.36
3393.05
6374.71
9548.02
8338.57
8046.82
2648.09
6761.99
8377.64
3530.38
7461.47
4331.19
2239.75
4439.83
624.71
7028.72
7995.24
4401.38
2749.72
3551.74
2952.97
6276.74
5880.00
881.07
1841.49
3874.63
9609.67
2171.09
4382.76
5477.16
1755.12
989.10
3822.44
4493.85
7638.17
9717.40
2983.18
7560.96
7043.37
4921.42
9396.34
5389.87
2918.18
7511.52
6079.29
6686.61
869.47
495.62
9521.17
446.18
3526.11
2145.45
1436.20
6941.13
8825.65
7383.34
5850.09
2712.49
6289.86
5206.46
8080.39
9878.23
351.57
4957.73
7175.21
5068.82
4795.37
9255.35
8369.70
8307.14
7370.83
6397.60
7124.85
7139.19
8647.11
51.27
1312.60
6333.51
4168.52
9038.36
3106.78
8456.98
3971.98
5030.98
7141.64
5645.92
8529.92
972.93
6505.94
7877.13
5181.74
8032.47
3129.37
8057.19
4118.17
3904.84
4127.02
9241.31
7976.32
273.75
661.64
4292.12
4110.84
2247.69
891.75
3292.34
3605.15
7578.05
3558.15
9026.76
6081.12
8478.65
3783.99
5837.89
4373.30
3851.13
7640.31
2178.11
8129.83
4738.30
7044.28
2163.15
398.88
807.52
1553.39
6442.46
6269.72
684.53
8615.68
7697.68
7622.61
3946.96
8837.55
1084.32
3057.95
7591.17
7838.68
4926.30
7063.20
4781.64
1245.46
1976.38
7478.56
8702.05
4396.80
6556.60
5327.92
9312.11
3315.23
7888.42
6075.32
5830.56
8512.83
4929.35
6368.30
2752.77
8189.64
3024.38
5334.33
2213.51
2391.43
7686.09
4488.36
512.10
4685.81
5815.30
5317.54
1610.46
2918.49
9680.17
8603.47
5414.90
5617.24
3954.59
4545.12
3656.12
5601.98
1142.31
7746.82
1181.07
7362.59
5688.65
6128.42
5463.12
9770.81
2095.71
7828.00
2152.17
686.06
7357.10
5152.13
9471.11
5018.16
3017.67
9641.10
9268.17
2808.92
7179.17
7308.27
7549.97
8897.98
1754.81
8120.98
2291.94
728.78
5295.27
8777.73
1351.66
5868.71
6688.44
2852.87
8289.44
5790.28
54.63
7364.12
8911.40
7491.07
6145.51
9830.01
6352.12
9504.68
555.13
4876.25
7498.09
3870.36
4066.29
4459.36
8576.92
621.36
5431.68
760.52
2716.76
6355.17
1915.34
5822.63
7291.18
3447.98
7895.75
6984.77
3861.20
1478.62
6848.66
2181.77
8529.62
7419.35
7023.83
4169.44
5514.08
6158.02
6123.84
7737.05
1760.31
7919.25
5297.71
8971.83
5398.72
4136.78
7767.57
635.70
5862.61
8350.47
2392.35
2718.59
8480.79
3681.45
7488.33
2229.38
1351.66
3454.70
5215.31
1288.19
7320.17
6526.38
1840.57
7581.71
8857.69
3882.87
4195.99
6244.09
8672.45
8069.70
7638.48
7226.17
3848.99
2016.05
5825.07
7216.71
6339.61
8817.71
7620.17
174.26
7612.54
9035.31
1442.00
5537.89
273.45
7080.60
2362.44
8173.47
4476.76
3241.68
2276.07
9122.29
1925.72
2918.49
8444.17
1213.11
5291.30
9627.06
733.97
8600.12
5848.87
3335.37
2859.89
4286.02
7151.40
694.30
7940.61
4701.38
7549.97
8725.85
3685.42
5392.32
9375.29
8528.40
7524.64
6887.11
7590.56
568.25
6989.96
4799.34
5730.77
8114.26
5662.40
3233.13
1938.54
373.85
1.53
5549.79
2911.16
1909.54
7363.20
1562.55
8570.21
9877.93
521.26
5217.75
5263.83
5665.46
9009.67
1828.36
321.05
2486.34
2586.44
8918.73
5763.12
5493.64
7146.82
9747.31
3988.16
5974.00
8384.35
3565.17
3241.07
6189.76
3521.53
1680.04
5681.33
6424.76
6418.04
3376.57
5860.77
802.03
6370.74
768.15
2424.09
3431.50
5918.15
6635.33
844.45
1452.99
7960.75
4313.49
6.71
6538.29
7509.69
3695.49
450.45
1408.43
8377.33
2411.27
7086.70
2937.71
122.68
6241.04
4197.82
8398.69
5562.61
7835.02
5539.41
6415.30
4159.98
7792.29
7345.19
9187.29
1606.49
7167.58
7062.29
7543.87
907.93
5464.95
5615.71
5393.84
5284.58
3184.00
6024.05
5131.38
8203.07
2977.39
6174.20
562.76
846.89
8485.67
8567.46
8914.15
2344.13
4908.90
4853.66
8483.54
3057.65
381.48
7960.45
3501.69
6257.82
2206.79
9632.86
2761.01
8483.84
7022.00
6197.39
3574.94
3911.25
8945.28
359.81
7636.65
3034.46
4780.72
1851.25
328.68
978.12
330.82
4733.12
57.99
5750.30
6888.64
4175.54
9168.37
1750.24
1964.17
523.09
2999.36
8841.52
3316.45
3454.39
8654.13
2303.54
343.94
4053.47
31.43
3977.17
1906.19
7605.52
697.35
9911.50
4627.22
4924.16
1142.92
4826.20
755.94
5030.67
2005.98
8708.46
9635.91
6989.35
9809.56
5843.38
1851.25
3718.38
6779.69
1604.97
114.44
5584.28
1314.13
7310.40
5948.67
6594.74
653.10
8452.10
6239.51
1001.01
2320.02
6624.65
8708.15
3124.79
5895.57
452.89
375.38
8216.80
1686.45
5837.89
8075.81
7165.44
7851.19
829.49
5083.47
2867.21
2543.11
5445.11
2916.96
1064.79
2638.63
1735.59
2379.22
3476.06
5608.39
4424.57
2900.17
6016.11
6094.24
7420.88
4240.85
9931.33
3759.27
6526.08
9627.06
8656.88
3966.80
3644.52
4365.37
8208.87
7853.94
2809.84
9017.30
3922.54
3364.67
3340.56
1178.62
1353.19
3799.55
436.41
4941.86
4147.77
5449.69
8530.84
2091.74
6701.86
873.74
7705.62
4104.43
4416.33
9383.53
8489.33
9009.37
9361.25
1295.51
5343.79
2174.75
4164.25
7521.29
4156.01
5086.52
1934.26
1044.04
4045.84
1171.00
5031.28
1859.19
8802.45
2738.12
497.45
1930.30
8262.28
8094.42
4961.39
1728.26
4942.17
2896.51
6826.38
4916.53
6237.98
4808.80
8555.86
2739.95
7499.92
5517.44
6872.16
4687.03
6303.29
9176.61
3673.51
6981.11
3220.92
1339.15
5489.36
5468.31
9411.60
7440.41
4282.66
4460.59
6338.08
4891.51
7411.11
8099.92
7927.79
7855.16
9563.28
5803.40
484.02
8751.49
4476.46
8353.53
668.66
5571.46
9257.48
6195.56
6857.51
9051.48
9107.03
6504.10
4192.33
8769.80
5272.38
581.38
8634.30
2238.23
4032.41
8150.88
334.79
6039.92
9530.93
106.81
1633.96
3080.54
8268.68
6285.59
2.14
5017.55
8072.45
9815.97
1233.25
3925.90
9342.94
4615.31
3207.50
2264.78
1406.29
7594.84
5529.34
5208.90
1771.29
2130.50
5360.27
4403.52
1112.09
4369.33
4754.17
7209.39
1785.03
8927.88
9806.82
497.76
2692.04
5548.27
6938.99
3059.48
8306.83
3276.77
6617.33
5688.04
4671.16
3719.29
9829.10
3003.02
177.62
9944.46
7625.97
6072.57
3950.01
2594.07
9045.08
9901.12
9633.47
9762.26
7720.57
4840.24
7406.54
2204.96
2500.69
5991.09
2030.70
447.71
2380.44
9654.53
9746.09
5348.06
1063.57
895.41
1825.01
8675.80
1466.11
1284.83
7604.30
5280.01
5472.27
877.41
4795.68
3396.10
9258.71
3491.01
9899.29
4662.92
9497.36
9350.57
6523.33
406.81
747.70
4154.79
4430.37
5760.37
9356.97
8635.21
7115.70
8173.16
4171.58
7662.59
733.36
1881.16
9382.00
2967.62
2185.13
4896.69
9806.21
8539.08
9179.05
76.30
3927.73
2757.04
74.47
6838.28
5002.90
6330.15
6326.18
5082.86
5540.33
93.08
5334.33
7885.98
5479.60
1734.06
6523.03
4520.71
9368.57
5505.23
8448.74
376.90
2858.36
3987.24
9758.90
5336.47
3829.46
5968.20
1811.27
7166.97
8455.15
9494.00
5764.64
1499.68
7522.20
4161.50
1954.10
4950.71
3317.36
1710.26
4366.28
2948.39
2391.74
8977.63
8022.40
8832.36
4516.13
2278.21
2084.72
5783.26
3142.80
7277.44
6500.44
8146.31
7681.81
3406.78
4988.56
3713.80
2904.75
6901.15
2190.31
3525.80
5794.85
1505.17
7793.82
753.50
5144.51
923.49
5437.18
5226.29
4224.98
2066.41
9217.81
5165.87
1831.42
3163.55
5605.03
2692.04
2020.02
5799.43
3579.52
4657.43
7851.19
4940.64
805.38
5379.50
9444.87
6011.54
8651.39
2826.01
1669.06
3083.59
3871.88
4825.59
1769.16
7242.04
9760.43
6854.15
2246.47
9188.51
4588.15
7970.21
9309.98
5145.12
140.08
6454.66
2201.30
124.82
8163.40
1723.08
3716.54
7622.00
7532.88
4066.29
7225.56
9796.14
9959.41
8788.42
512.71
7203.89
7039.40
6299.33
1745.96
2145.15
6467.48
4730.98
7884.46
4684.90
221.87
6630.15
842.01
5413.07
2534.56
6299.94
1718.50
4005.25
456.86
9346.90
8406.93
7647.02
4839.63
996.43
6892.91
8383.43
4532.91
4744.41
1561.63
3457.44
1620.84
7896.66
4814.60
7699.51
505.69
5571.15
1321.45
2027.34
8651.69
9718.62
7209.69
7127.29
1798.46
4722.13
9508.65
6367.69
1466.41
6145.82
6161.08
7018.34
7552.72
4185.92
1914.43
3827.94
3840.14
8395.95
399.49
4033.02
9231.24
5239.11
7717.52
7851.50
2511.37
5040.74
7840.82
3525.80
3467.82
9892.27
5144.20
984.53
8160.65
9078.34
4375.74
3174.84
1171.61
3584.40
3384.20
9135.41
2636.49
6250.50
8909.27
7868.28
2875.45
9129.31
754.42
7078.46
2432.94
4616.23
4648.88
5833.61
339.98
1910.15
9113.74
5216.22
8414.56
5369.73
6644.49
6023.74
4404.13
6325.27
4524.67
7584.15
1794.18
4911.65
5576.95
6747.03
9086.28
3482.47
4171.27
1110.26
6359.45
8169.19
7797.48
5551.93
1935.79
145.88
9519.33
6121.71
6948.15
3166.30
1615.96
359.51
636.62
8930.33
5732.60
8103.27
4176.46
6845.00
9841.61
1845.45
5856.50
9746.09
7336.96
704.98
5414.59
2133.55
8569.60
7073.58
348.83
2495.50
133.37
0.31
2012.70
6269.72
2222.66
4378.49
4305.86
1017.79
9363.08
9993.29
2779.02
367.14
4838.71
9498.28
6958.53
8283.94
4120.00
9376.51
3705.86
240.49
7610.10
2956.94
4428.24
2842.19
8017.21
9539.48
3945.13
8471.63
2672.20
8699.00
3829.77
6514.18
6098.21
3825.80
8036.13
7731.86
3144.32
3969.24
3621.33
3338.72
8003.78
8041.63
4381.54
5352.03
9417.10
448.62
206.61
9768.67
7383.95
2211.98
9974.36
9142.74
1690.42
6635.64
786.77
6114.69
7563.10
3591.42
1373.33
4464.55
8766.75
1478.32
2461.01
9242.53
3453.78
918.61
1932.13
2548.30
3084.51
9258.71
7579.88
6516.01
9720.76
9926.76
5272.99
65.92
2013.00
5724.05
5344.71
994.29
5194.56
98.57
5014.50
9950.56
5386.52
5471.97
9660.63
7876.52
3536.48
2678.30
748.31
3464.46
9296.24
580.46
3237.40
2196.11
152.29
9924.62
266.12
3524.89
6128.12
492.57
7941.83
7768.49
5356.30
5622.12
8034.61
9268.47
852.38
3148.59
1398.05
7383.34
3784.60
6837.98
9923.70
1874.75
3563.65
7369.00
9841.30
4252.45
60.73
6929.23
4182.26
1636.40
8267.46
6486.71
7215.49
4704.12
708.03
9800.71
8665.12
6278.57
7921.08
3230.99
529.50
2127.75
2315.44
5413.68
4309.21
529.19
5722.83
5859.55
1455.73
2170.17
5950.19
6543.47
4860.07
6940.52
2650.23
5541.55
4182.56
9181.19
7821.89
6785.79
2848.90
7957.40
1249.12
4989.78
9515.37
3907.28
6197.70
9816.89
1818.90
9240.09
5673.70
8344.98
5228.74
2438.43
4565.57
9899.29
4802.09
4232.31
7974.18
2306.59
2668.23
6403.09
1048.31
3641.16
9044.77
9983.21
636.62
8518.02
9601.43
4412.98
4068.12
3002.72
6985.38
4216.44
5373.09
7196.57
9318.83
4759.36
4260.08
9555.96
3480.64
3651.54
8157.90
2018.49
5987.12
9357.28
2635.88
9989.62
9281.90
3573.11
518.81
6252.33
6248.97
8941.01
5000.15
2869.96
761.44
8652.30
7076.94
137.94
7076.63
9510.79
2610.86
6647.24
5890.99
5016.02
9332.56
9524.52
9870.91
26.25
9096.96
8912.63
6464.43
3568.22
5707.57
5748.77
814.23
1352.89
3619.50
6907.86
6578.57
4560.08
7832.27
6770.84
7473.98
6456.80
288.09
9281.59
7356.79
3408.92
3085.73
9555.35
1649.53
1850.03
3823.66
9098.18
7927.18
7770.62
3384.20
3705.25
8478.04
286.87
1472.21
8094.73
2648.09
5858.33
220.04
6344.19
1784.11
4707.79
1170.38
2189.40
4585.71
6013.98
5952.02
8249.46
5681.33
3434.86
5957.82
8239.39
5239.11
7527.39
1341.90
1234.17
2424.39
6619.16
4642.17
2047.49
518.81
2706.99
9346.90
6781.82
6510.82
3932.31
8713.34
7622.30
2971.59
201.42
5155.19
5926.69
5030.98
3515.73
5506.45
7682.73
258.19
9568.16
2477.80
387.89
4271.98
2173.22
7617.42
5419.48
9879.76
7093.42
6086.31
4953.46
2567.83
6817.83
8565.63
7499.92
152.29
2865.08
601.52
1110.57
9400.62
7166.05
4708.70
8327.59
7437.67
9090.85
5534.53
1929.99
752.89
9683.83
3407.09
5548.27
9615.16
9668.26
6572.77
8199.10
709.56
2781.46
7436.75
6811.12
5811.94
1006.50
3121.74
5803.09
9308.45
3259.68
5654.16
7772.15
2377.39
4096.80
2092.65
4359.87
6642.35
4004.03
9910.58
1355.33
5110.63
7831.05
7942.44
7101.35
3210.24
2930.69
8214.67
8259.53
7736.44
3572.50
8961.76
2006.59
6519.97
3181.86
4148.99
8715.17
6632.59
978.12
9814.14
4185.61
3938.11
4570.15
2531.82
5493.64
1805.47
5066.99
326.24
9510.48
1792.96
6275.52
1332.13
8164.01
4118.17
4539.93
526.14
9499.19
725.42
788.90
9834.28
8601.64
8765.22
1352.28
1931.82
7448.65
7291.18
9109.47
3049.71
7745.60
4999.54
1532.03
5091.40
5816.83
1810.36
7187.11
2384.72
3606.07
2110.97
7252.11
3371.07
4855.80
2472.30
3620.72
2551.04
522.78
1650.14
147.71
2995.09
2495.19
5684.38
8602.25
4732.51
9673.15
5906.86
5890.38
9334.39
5474.10
2674.03
4111.15
5996.89
828.58
2634.66
4.88
9444.87
1723.99
2342.30
5360.88
4961.09
5363.93
6031.07
4941.86
858.49
4002.20
362.56
3494.06
3706.47
514.54
3959.47
8397.47
6621.30
4774.01
4534.13
9527.57
5939.82
4884.49
1429.49
2882.47
6580.71
2345.65
6382.64
9547.41
1410.26
5203.10
321.67
6545.30
4927.21
8248.24
9012.73
1154.52
6572.47
4334.24
5364.54
5238.81
3982.97
5867.79
1208.23
1160.92
1499.07
534.38
6360.67
5843.68
4239.02
331.43
7785.27
4533.52
3048.19
7958.92
6664.33
837.43
646.38
9638.05
6192.21
4589.98
4273.51
8420.06
7906.74
4114.51
5154.58
7041.54
9363.08
4443.80
91.56
4396.50
973.24
8056.89
5499.74
4683.68
4816.43
9700.92
9194.31
3289.59
3231.30
1854.61
245.06
8477.13
10.38
2402.72
2212.59
2931.61
2003.54
1075.47
69.28
4238.11
3941.47
6224.25
6132.08
8343.46
4297.92
8486.89
5305.03
5069.73
4997.10
2916.35
4955.29
9742.42
2782.07
6123.54
9728.69
9993.29
5056.92
3.66
6617.94
1800.29
8011.11
8610.19
599.69
3832.21
9845.27
9729.30
6150.09
4151.43
6903.29
7730.64
4949.19
8346.20
5531.17
9247.41
5092.93
3149.51
7466.96
8248.85
2118.90
4610.43
1581.47
2072.82
7161.78
4876.25
9777.52
4978.18
2550.43
6652.42
9861.75
774.25
159.00
9399.40
3202.61
1102.63
2824.18
6331.37
9986.88
918.91
4140.45
6278.88
9881.59
7748.04
6949.06
9473.86
924.41
6269.11
5827.51
1326.94
4447.46
4798.73
3899.96
3254.19
8845.48
5226.60
9272.13
4615.31
8.24
2972.50
1409.04
4829.55
1225.01
8528.40
2769.86
9731.13
371.11
7138.28
6003.30
1220.74
7195.96
8192.39
2026.12
4286.63
8518.33
885.65
9293.50
445.88
4147.47
7712.33
9568.47
1677.30
1335.49
2348.70
513.63
3903.93
580.16
3502.30
409.25
4088.56
587.18
1271.71
5311.14
5.80
5204.63
7594.23
3964.35
6753.14
143.44
7333.60
783.72
9059.42
2294.69
1580.25
2211.98
3460.80
9457.69
9715.57
6770.23
9400.01
3288.67
1810.97
4110.54
3314.00
3289.90
7922.30
3388.47
4774.62
4640.03
5838.50
6260.57
8738.06
7688.22
3852.66
4825.28
2974.94
1919.92
112.92
9819.33
4736.17
2210.15
5119.48
9375.59
5719.17
169.38
8927.58
3665.27
9399.40
8404.19
9620.04
5729.54
9785.46
498.67
4613.18
3812.37
5663.63
4532.00
1355.94
5514.69
9394.51
2941.07
8985.87
9073.46
4318.06
6547.75
7504.81
2082.89
9842.52
5553.45
6038.70
2973.11
8261.97
5323.65
6738.49
5549.79
2383.80
9767.14
5890.38
1915.65
8012.94
126.35
8795.13
4083.99
364.09
1991.03
9978.94
9594.41
8464.92
8345.29
5298.93
1445.97
6603.29
1462.75
7506.64
7659.23
6895.96
1465.19
1829.89
777.92
2026.73
4348.89
3137.00
2628.56
2226.02
7298.20
1245.16
4641.56
5550.10
4098.03
5938.29
9055.45
5524.46
8455.15
8249.15
1308.33
5211.65
8041.93
9579.76
8939.18
1768.55
7075.72
5211.95
7297.89
554.22
246.28
3776.97
7391.28
2850.43
5803.09
9243.14
6166.57
6259.04
614.03
6986.91
4549.09
1835.38
5011.75
508.13
3548.08
7027.50
234.99
352.79
3739.13
8470.11
6283.15
1802.73
8441.11
3714.71
2988.98
2901.09
5892.21
5939.21
2132.02
9369.79
748.31
712.61
3395.79
7984.56
206.00
8874.17
1984.92
4970.85
5067.60
4582.66
718.41
979.03
1061.43
2610.86
4404.13
9207.43
728.17
3936.58
9313.94
8228.71
1184.42
3697.62
5565.97
6089.66
8081.30
572.83
5233.62
7240.52
1061.13
1652.27
3986.02
8858.30
1038.54
1856.44
9078.04
8130.13
4601.89
1970.58
1498.15
7053.13
5862.61
4353.47
5094.15
6317.64
1055.02
384.23
477.92
4835.05
6204.11
8712.42
6531.27
6472.06
3171.18
8367.87
7321.70
555.13
4391.92
5798.82
7239.30
7707.14
1616.87
9897.46
2171.09
7576.53
8971.83
4076.05
9521.47
26.25
5640.13
9457.69
4891.51
6341.75
8495.44
8240.30
8236.03
2018.19
9981.69
1300.70
7298.20
7696.77
1560.41
9101.23
1148.11
9802.85
8041.32
9953.92
1630.60
7458.42
3097.93
4716.64
5531.48
7224.04
1292.15
1974.85
5283.06
2235.79
6913.05
2773.83
1017.49
7299.11
4943.69
8964.20
1777.40
6501.66
4472.18
4223.46
8700.83
4910.12
9854.73
1818.29
7991.88
909.76
9944.15
8162.18
6487.62
751.67
699.79
6241.04
7636.65
1868.95
1487.47
7963.81
698.57
6525.77
382.40
9499.50
980.86
2360.30
8791.16
8665.73
3920.71
1385.85
698.57
8431.96
829.49
4009.22
6861.78
5597.09
9108.55
9633.78
9251.38
8706.32
4748.99
404.68
6064.33
4266.49
9934.08
9664.30
2613.91
5327.92
3544.42
1670.89
8410.29
1490.22
7391.89
4159.67
5745.72
4396.50
5985.90
286.26
96.44
7778.86
2647.48
1537.52
7654.35
6115.30
9785.46
8154.55
295.72
966.83
6140.63
8643.15
3310.65
9047.52
8822.60
4924.16
6193.43
1098.36
2935.58
4695.88
1813.41
5624.87
6622.52
7560.35
4279.00
6558.12
4324.47
6485.79
802.03
8905.61
6081.42
1162.76
7882.93
1453.90
5676.75
4817.04
7121.19
581.68
5443.59
1039.46
967.74
4251.23
542.31
2203.74
3734.55
236.82
526.75
6023.44
8165.84
7654.96
1002.84
1816.77
2890.71
5855.28
3201.39
3044.53
1068.45
9741.81
4272.29
7676.32
5534.53
5577.56
6114.08
2951.45
765.40
6343.88
5550.10
6099.73
6972.56
709.86
3666.19
7578.66
6634.42
4681.23
7120.88
8395.34
8787.19
9982.60
9239.78
8069.70
1378.22
8244.88
3708.00
4808.19
7000.64
5054.78
8674.28
4445.33
2316.35
2928.56
4073.92
9716.18
6488.54
7276.22
9992.37
6425.67
8923.00
4413.89
8871.43
8073.67
1644.64
5692.62
9378.03
5499.13
6613.97
6800.13
4745.63
3108.01
3294.78
6303.60
3400.98
8243.35
6790.37
2489.39
4686.73
5264.75
1859.80
2571.18
7496.26
895.11
3123.26
3318.58
4629.96
2402.42
6772.06
7177.95
687.28
5171.97
4095.28
2941.68
6306.96
1239.05
2136.30
5033.11
6565.14
5340.43
1788.38
463.88
6348.77
45.47
8646.81
7532.88
513.02
6537.37
6924.34
5323.34
1636.71
2592.85
1748.71
8065.43
3185.83
4340.65
151.07
3423.57
903.65
3345.74
6055.48
8771.33
232.55
5589.77
9586.47
4517.96
2585.83
3909.42
6008.18
8549.46
8277.23
454.12
4601.28
841.09
8924.83
724.51
2794.58
2315.44
7141.33
5756.40
5864.13
6992.71
6317.94
4011.66
7509.99
1510.67
8323.62
9539.78
1625.72
1068.45
1921.14
7967.77
571.31
5857.72
9725.03
6889.86
261.54
7045.50
6500.14
2210.15
7384.26
6370.13
6625.87
7005.83
9059.42
8413.04
3530.99
4473.40
252.69
9609.36
8912.32
1518.60
9256.87
3056.73
4553.36
4553.36
6547.14
3192.24
4552.14
4062.93
7334.21
9390.54
770.90
9503.46
3115.94
2550.74
9322.79
1096.53
2549.52
3739.13
903.04
78.74
6949.98
8937.35
2785.73
3971.68
730.61
8972.75
5287.03
8433.18
2097.84
8683.74
516.37
2253.79
4312.27
4387.04
6228.22
7061.98
2828.46
3708.91
2577.29
8294.02
8626.67
6839.20
4603.72
9000.52
3046.36
3277.08
8246.71
3046.36
4440.44
3127.23
2711.57
9266.64
1954.10
7005.52
6993.62
3141.58
6747.03
3625.90
3374.74
7557.30
5968.81
9121.68
5706.35
9205.30
9802.54
7167.88
5290.38
2193.98
6883.75
3970.76
2167.42
5428.33
8415.48
7176.73
4632.71
5318.16
6283.46
2775.35
4781.03
387.59
5488.14
9049.96
2904.75
9335.61
6208.08
1641.59
8548.84
9117.71
5802.48
8791.77
1038.85
4611.96
6067.69
817.59
7296.98
6427.50
6061.28
2895.60
9750.05
8419.14
5804.62
5200.96
2152.78
1474.35
1176.18
9478.13
6134.22
5129.55
5309.61
6096.68
6271.86
3582.57
6807.76
659.81
6523.94
7661.98
84.84
4224.98
5812.86
9314.25
8153.02
6200.45
5587.02
175.79
3158.06
3979.92
7165.44
787.99
4986.11
8379.47
1679.43
2018.49
3246.25
8935.51
426.65
5253.15
2946.26
8130.44
8446.30
2919.10
9171.12
8605.00
9128.09
5904.72
1077.61
2422.56
2672.81
9433.27
520.95
6447.65
6210.21
3958.25
5617.85
2895.90
8388.32
2640.16
4567.09
9128.09
6251.72
1967.83
36.32
5740.84
7214.58
7087.01
9426.25
7022.31
3944.52
8397.78
1325.72
2833.03
4969.63
983.92
3475.14
5976.13
8820.46
3440.35
2538.83
4116.03
4518.57
7650.38
1014.44
313.43
6227.61
6089.66
1577.81
1233.86
4875.03
8208.56
4183.78
7094.64
4558.55
2459.18
6234.32
2413.71
6552.93
5531.17
1123.69
1621.75
8724.33
5353.86
5477.46
8598.59
3167.82
9434.80
392.16
4199.35
9882.81
5088.66
6994.54
830.41
9289.83
3126.01
1626.64
8140.20
1414.53
1560.11
977.20
8883.33
4541.46
896.94
2459.49
9024.93
1150.55
7567.37
163.58
1145.05
3954.59
7069.92
1681.57
5207.37
9846.49
3379.92
6126.29
5751.52
4567.09
6193.12
8655.66
9575.79
5911.13
2560.81
1809.75
2968.54
8277.84
4485.92
8981.29
2556.54
6382.95
9035.00
321.97
8824.73
945.16
2533.95
6409.19
6375.93
4155.40
5409.71
9972.53
9993.90
7742.55
9235.21
1004.06
564.90
1454.21
2546.77
5559.86
9929.50
4755.70
6994.23
3560.29
8719.14
9564.81
380.87
5913.57
6245.61
6836.76
8167.67
6263.92
6504.72
4806.97
9990.23
7681.81
9351.48
1705.98
2760.70
9608.75
918.00
762.66
6916.71
5369.12
2331.31
301.83
7371.44
5558.95
791.96
6753.44
5738.09
7628.10
2081.67
3383.89
5385.30
6964.32
8555.56
2564.17
5885.49
9796.44
1689.81
4383.37
8422.19
3223.36
3238.62
9423.20
8715.78
2686.85
4069.34
8505.51
9031.34
2197.33
4733.73
7225.56
5830.87
7626.27
6842.25
8080.69
4634.85
8375.80
9300.21
8011.72
8648.95
7743.77
8470.41
4165.78
2726.22
7288.43
6324.05
5693.84
9223.30
5511.34
5641.04
4396.50
7312.23
6170.54
6326.18
2031.01
2313.91
6531.88
1897.34
7088.53
6610.92
877.10
217.90
8858.30
8707.85
9578.23
7522.51
1588.49
1995.30
9046.91
9811.70
6559.95
9788.20
2881.86
670.49
4876.86
8189.64
9515.06
9576.10
8799.40
3355.51
6674.40
9752.80
4417.86
4713.58
7979.06
9645.68
3492.84
698.87
1972.72
7066.56
7262.49
8579.06
8912.32
78.13
38.15
4914.40
5621.51
3681.14
5399.03
8234.20
3726.92
6362.19
2790.92
475.78
1580.25
5569.32
7355.88
8760.03
5189.67
6174.81
789.21
4056.83
8463.70
989.41
6051.21
8313.85
8084.96
7389.75
3732.11
6598.41
3328.65
9119.85
2896.21
5826.29
6128.73
7334.82
4206.06
6631.37
1716.36
9940.49
8146.92
9945.98
5133.21
3300.27
6160.47
4846.34
3939.02
5366.07
7502.98
9234.90
2420.42
4297.01
9635.30
9913.02
7619.56
1629.38
4962.92
3613.39
2486.65
4062.01
1736.20
5551.01
6480.61
2913.30
1922.67
7056.18
8916.59
5319.68
3863.64
8851.59
5384.38
6234.02
2529.68
1536.91
2545.85
5286.72
5186.62
9844.97
1620.23
7573.78
5282.14
2223.88
5877.86
2431.10
2370.68
2323.07
2445.45
9263.28
881.98
3925.60
3745.54
4480.42
5554.37
5909.60
8872.95
8615.99
6336.56
8785.36
226.45
7678.46
576.19
9379.56
5710.01
7808.47
5308.39
5226.91
1806.70
7294.23
7449.87
5229.35
7849.97
5016.02
4719.38
8150.27
6794.64
9378.95
5092.01
5498.52
2807.40
6793.42
7600.63
375.68
984.83
3773.61
2298.35
8838.47
9511.40
1707.82
2193.98
5341.96
9573.66
8368.48
4970.85
8833.58
3340.25
5222.94
7305.22
1047.09
5320.90
4608.60
9593.19
3571.28
7414.78
5831.17
3902.71
5247.66
2965.79
4253.36
2957.55
6463.52
133.37
2435.07
2971.89
1902.22
9890.74
7383.65
8142.64
8314.46
8965.12
2982.88
9615.77
8867.46
3033.84
1659.29
6737.88
643.03
484.63
4349.19
3405.26
6841.94
2055.12
2827.84
7322.31
253.61
6664.94
3467.82
4983.06
9564.20
8749.96
6481.52
188.91
5053.87
7414.17
9716.79
8912.93
5254.98
2711.26
1065.10
8323.62
1127.05
9365.52
8547.32
2782.98
9315.17
3246.56
2134.16
4629.35
1051.67
914.94
6371.04
2556.54
8268.38
7540.21
7863.09
5404.83
3472.40
3513.60
6689.35
4173.71
4959.56
5066.99
5801.87
69.58
3919.19
9203.16
7477.95
1402.33
4997.41
8258.31
884.43
7141.03
6878.87
4405.96
9819.33
9941.40
4451.12
9414.04
4687.64
6460.77
9114.35
9966.12
7784.97
7769.71
8795.43
3867.31
5937.07
7672.35
4235.66
7435.83
9569.69
1750.85
3105.87
9400.31
2265.39
4945.83
8520.77
1615.34
9872.13
481.89
3504.44
1904.66
3221.53
7956.18
7983.95
9343.85
3529.47
3396.71
9854.43
7299.42
4527.42
9109.17
6698.20
4534.75
400.10
6116.82
9705.19
9692.07
3585.31
7016.82
6364.33
9468.67
1495.71
2052.37
3488.57
5794.55
6236.15
6226.08
7132.18
2329.78
6364.02
255.44
964.69
5586.72
4768.21
3194.07
9669.48
996.73
1721.85
9520.25
8915.68
9230.02
7173.68
8514.36
8483.54
3080.23
1338.54
8733.79
90.95
231.03
7656.18
5394.45
6491.59
2212.29
7168.19
3480.03
3404.65
4858.55
8390.76
4381.85
839.56
586.87
1731.93
8890.04
5378.58
7803.28
2528.76
4340.95
9974.97
7747.12
1752.07
8742.64
2838.53
4094.67
8458.51
9679.25
1963.26
5624.56
3033.84
817.29
6860.56
7264.93
5310.22
3823.05
4063.23
9830.01
6598.71
8496.35
7964.11
3762.02
9717.09
8946.81
3542.89
7190.16
6066.47
8613.85
2558.67
3614.61
3819.70
1946.47
9752.50
9538.25
6288.95
5559.25
639.67
7345.19
4526.81
6667.99
7442.85
3752.56
3232.83
1629.08
4732.51
9135.41
4020.81
2383.19
1337.93
8046.21
5111.85
3627.43
88.50
6238.29
1517.08
8517.11
1952.88
4504.53
4769.74
5718.56
6130.56
4644.92
6271.25
5622.42
2666.40
7876.22
3313.09
8527.18
9147.31
995.82
1836.60
2609.03
8039.49
610.68
4994.66
4490.80
6239.20
746.79
1573.23
218.21
3386.03
4148.38
3345.13
9461.96
513.93
2582.48
5404.52
751.06
5593.74
6458.94
8557.39
558.18
7532.58
9080.17
7824.64
4042.79
5194.56
5830.56
6118.05
265.51
3002.11
3623.16
7158.12
9691.76
9683.52
908.84
6690.57
6788.23
1723.99
3567.31
6066.16
5533.62
8091.07
6987.52
7248.15
650.35
7787.41
9653.00
3305.15
2370.37
6801.97
8543.96
3457.44
7549.97
6014.89
1668.14
6734.52
4944.91
6625.57
8032.17
3309.43
7457.50
4658.65
366.22
7573.17
9168.68
1117.59
918.91
2004.46
9968.87
9344.77
5626.39
5909.60
5597.40
6148.87
6975.31
8083.13
5906.55
8268.38
869.17
7458.42
9158.60
725.73
7812.74
809.66
5171.97
8640.71
3721.12
1567.43
5127.72
9062.17
674.76
8806.73
846.58
4382.15
2927.03
477.00
1354.41
3896.91
8475.60
9933.77
9542.83
5069.43
1516.16
9827.27
6739.71
1067.23
6087.22
2424.70
8005.92
6129.34
6215.40
415.05
5961.79
5327.31
2880.95
7267.98
5966.37
285.04
3111.67
1203.04
452.89
7418.13
1515.24
1839.35
5240.64
251.78
9569.69
3577.38
5627.00
2388.99
2975.25
4786.83
5083.16
2680.75
2391.74
6854.46
4354.08
9168.07
7860.96
2160.10
3786.74
3355.20
2235.79
5039.22
6688.74
1380.05
3927.12
4796.59
6536.76
3636.59
4276.25
4833.83
5845.52
9421.37
9872.43
6952.42
9509.26
8158.82
5120.09
4894.25
426.04
3774.53
5377.67
6185.49
224.62
3772.39
5970.03
6339.30
2896.21
9583.42
7396.47
4488.97
4150.52
9743.95
2038.94
4506.97
4310.43
2471.08
2691.43
673.54
7549.67
9195.84
8213.45
1963.26
5291.60
5610.52
6627.09
4000.37
6584.06
1805.78
968.35
2760.09
3254.19
8045.59
8205.21
9064.00
2666.10
7751.70
6531.27
7942.75
5883.66
4259.77
1355.94
1923.58
4060.18
2904.14
5294.96
2306.89
860.93
4998.63
2477.49
7489.85
3733.94
5274.82
2483.90
2408.52
1840.57
9338.66
4223.15
8153.02
3459.88
2710.04
5065.77
5819.88
675.98
8007.45
5541.55
3668.32
4166.69
1837.21
4917.14
1637.32
5897.40
7955.56
7965.33
2288.89
2541.89
8259.22
8237.25
2240.67
7436.45
8174.69
8151.19
3147.68
3881.65
7999.82
1211.28
6299.33
7604.91
6769.62
6667.38
9890.44
1193.88
199.59
1926.33
3030.79
8319.65
9278.24
3033.84
5558.34
549.64
1061.13
8532.98
7709.59
4580.22
8241.22
7011.63
8721.88
2683.49
9043.86
3660.39
8421.89
4195.07
4022.34
6140.32
862.45
846.28
1308.63
5082.25
4077.27
3758.05
6880.70
9528.49
5005.95
4906.16
1415.75
2627.03
3663.75
874.05
287.48
7892.39
5605.03
1700.19
8267.77
1345.26
6756.80
2638.02
5499.74
9845.27
9672.23
1636.40
6304.82
922.88
5276.65
358.59
7379.07
4435.56
9162.57
1544.54
6951.81
1344.34
6496.78
537.13
1461.23
9937.74
4606.46
3778.19
1311.99
4806.67
7300.33
2092.35
2278.21
8888.52
9992.98
1566.21
4113.28
3885.01
9690.24
9838.86
2927.64
9378.64
8902.25
614.03
8902.55
5945.31
7544.18
4210.64
5893.12
2590.72
1887.26
6955.78
4492.32
3809.32
4624.47
7241.74
5113.68
6588.64
5109.41
1055.02
2654.50
2667.32
3836.18
4789.57
9306.01
6356.40
218.21
8157.90
7067.48
3243.51
7732.47
5012.67
6533.10
86.37
5486.01
4891.81
3509.32
1210.06
274.97
3097.02
25.64
1720.94
8190.56
2120.73
1305.28
2850.12
9840.69
2233.34
5252.24
9738.46
8246.41
4043.70
6021.91
6972.87
3478.19
842.62
8237.86
2193.37
3090.30
3547.47
3411.66
3076.27
2419.51
6053.04
5136.57
8007.45
3811.76
3808.40
4610.13
5763.12
8833.58
3426.92
3051.55
4504.84
2536.70
6143.99
2579.42
5403.61
3835.87
2936.49
2103.95
1204.87
1060.52
4113.59
9805.29
5049.90
6747.34
1191.75
8754.23
9859.31
730.61
3870.66
7240.52
3599.96
5599.84
9915.77
371.72
740.38
3578.60
764.79
4501.79
5211.65
8895.84
671.10
1056.55
5182.96
4704.43
2191.84
1314.74
4967.50
8615.99
5838.19
8708.76
4370.25
5908.38
6696.98
207.83
787.68
4475.23
5839.72
3347.58
4375.44
573.14
9325.54
460.22
1594.29
9433.58
2618.18
6684.16
7448.96
9799.19
3223.98
3294.78
1726.74
6450.70
9363.69
2939.85
9558.70
9783.93
7493.51
8324.23
1603.14
6496.78
6487.32
918.00
4177.98
457.17
1288.49
1246.68
4637.90
7807.25
3850.52
7323.53
2326.43
5364.85
4171.58
2790.92
402.23
6393.93
9241.92
1331.83
8857.69
2797.33
2712.18
8911.40
4040.96
7799.62
3100.07
412.61
4997.10
8177.43
3339.95
2233.34
1934.26
107.73
9495.83
7397.08
7134.62
7689.44
1445.36
4749.60
3614.92
8201.24
3352.76
8799.40
1859.80
3164.16
6732.08
1763.36
9928.28
9266.64
3928.65
4386.12
7253.94
8211.31
4817.65
7086.09
7449.57
9555.65
4539.93
7999.21
426.95
5600.45
5085.91
9480.58
9147.01
2391.43
8537.86
9622.79
1308.33
5897.40
4787.13
357.68
1294.90
7426.37
1535.39
8705.41
2684.41
7343.36
9392.38
2722.25
6639.61
1149.63
9885.25
8730.43
6488.54
6989.96
9191.56
1366.31
3810.85
8645.89
5403.91
3035.37
6339.30
3081.45
2146.98
4315.62
2989.29
6602.07
6350.60
1883.91
6331.37
8687.70
2996.00
5525.38
7817.62
7565.84
4651.63
784.02
6072.57
6585.89
8599.81
8824.73
3565.78
5453.96
9379.25
59.51
1973.33
5395.98
9546.80
3112.28
1545.15
2308.42
6476.03
5670.64
4786.83
6960.05
8003.48
8802.15
9772.64
6306.04
4733.12
1283.61
3397.32
4978.18
1816.46
5517.75
9884.33
1014.44
8015.99
1590.93
4858.55
4889.07
4864.65
1038.85
299.08
5902.58
3740.65
6883.14
683.92
5003.81
3659.17
1496.02
5635.24
8095.34
7601.86
8866.54
9385.66
8889.74
195.32
2815.03
2370.37
5383.16
4547.26
7735.83
5262.31
9000.52
1055.64
3414.11
759.00
480.06
6005.74
493.48
3439.13
1561.02
2760.09
8147.83
2995.09
6531.27
3363.44
520.65
1157.87
2700.89
3367.41
3502.61
7626.58
3869.44
7690.97
8396.25
5313.58
5835.14
327.77
4042.79
218.51
8025.15
5717.64
3967.71
6245.00
297.25
4583.57
105.29
268.56
8982.51
2061.22
9672.54
7774.59
1224.10
921.05
6744.90
4370.56
1687.67
7703.18
5106.66
3494.98
686.97
4572.59
3929.26
5627.00
7807.55
4713.58
2846.46
9311.50
74.16
4066.90
7985.78
9316.08
8736.53
7230.75
5518.66
2227.24
3725.39
331.74
4294.87
4802.70
9853.82
8684.96
4119.39
5385.91
3812.37
2045.35
1236.61
3704.95
6032.90
5276.96
7585.99
9358.50
6474.20
7237.77
5385.91
4307.08
8398.69
5704.21
3616.75
9682.61
9197.97
1141.39
7957.09
2222.97
2333.75
7135.84
740.99
652.49
9452.80
295.11
2499.16
7312.23
6739.40
7441.33
1640.37
5358.13
4571.98
2893.46
3843.20
6841.03
4539.93
3666.19
7717.52
1972.41
2887.05
5388.65
8295.24
4899.44
4443.50
6758.63
4917.75
6292.61
6108.58
5343.49
5081.64
8064.21
3946.96
2544.63
799.28
527.36
2960.30
531.02
9046.91
7311.62
3596.91
8958.40
2852.57
8338.27
4062.32
4287.85
4595.78
6183.35
2494.58
9513.84
8071.84
6125.37
8062.99
7114.17
891.14
5200.05
5056.00
3035.37
3773.92
569.78
9021.58
4526.51
8297.98
2524.49
9017.91
9632.25
9670.71
2420.73
5041.96
1158.79
6078.68
877.10
4696.19
2925.50
1186.56
6535.54
8155.16
1113.62
1338.54
699.18
5494.86
8525.35
4032.11
8167.06
5451.52
4564.65
9222.08
9566.33
9662.77
8756.37
21.36
5504.93
1464.58
607.01
4356.52
7853.33
3300.27
3634.75
4144.11
8464.00
1803.03
6360.67
3548.39
648.82
4619.89
8095.65
2884.61
3721.73
8034.00
2318.80
9728.69
5918.45
9451.58
5468.61
3794.37
6010.01
3814.81
3953.98
7147.44
8918.73
8001.95
7204.20
6309.09
5651.42
2278.21
9564.81
7820.06
2861.11
2861.42
8851.59
3822.14
2350.54
4662.31
4380.93
9222.39
5827.81
8262.89
2283.39
7002.47
5231.79
195.32
913.72
3234.66
3933.23
587.48
4174.32
8366.95
9129.31
7228.00
5557.42
6339.61
740.07
125.13
726.04
8098.70
7124.55
5615.41
1440.17
1064.18
2921.84
4081.24
8644.67
1119.11
9337.14
350.96
7527.39
8678.85
2178.41
832.54
2366.41
5407.27
7962.89
6449.17
3971.07
3138.83
3398.85
5438.70
7535.94
1570.18
8562.88
5077.97
3713.80
6283.15
9076.21
6396.68
730.00
3663.75
7602.77
940.89
337.84
4277.17
9971.62
3650.62
5438.09
1262.25
6242.26
911.89
2168.95
5309.00
2027.04
7849.36
4284.49
2779.32
373.55
3916.44
2626.12
8535.42
9532.15
852.69
7508.16
37.84
6910.31
2064.27
6823.94
4275.95
4534.75
7491.99
7687.92
4091.01
6326.79
3033.23
4424.57
5458.85
2508.01
8575.09
718.71
2291.02
1447.49
3701.90
8738.67
316.48
4262.83
5145.42
3040.25
6611.53
2486.34
5031.28
2076.48
6331.06
4112.37
3991.21
5109.71
3215.74
8334.60
8199.41
7351.30
5427.72
4286.02
4400.16
1132.54
3279.21
4099.86
1982.48
5928.83
422.68
5593.13
6170.54
5036.47
5057.53
4897.00
1388.59
1729.79
2717.98
4337.90
8866.24
2698.14
7208.78
5886.10
7540.51
1582.38
1244.54
5482.96
2326.12
421.16
3361.92
8560.44
8808.25
1821.34
2660.30
2063.05
8422.50
9661.24
7940.00
3287.45
3191.32
1142.00
2794.27
849.94
4066.59
8002.56
3226.11
8096.87
1953.18
9700.92
9341.41
4266.18
5468.61
6386.61
7688.83
3718.99
4503.01
4466.69
5808.28
8547.93
3643.91
2585.53
5547.65
4875.94
4527.12
822.78
6709.49
8161.56
1172.52
931.42
7596.97
7818.23
7375.10
418.71
4011.35
6465.04
205.39
8291.57
3274.33
4115.42
8689.54
5270.85
4827.72
2623.98
1723.08
6294.44
3981.75
694.91
4289.99
8114.87
366.22
4774.93
6042.67
9808.34
7655.57
6130.86
1306.80
9006.93
6122.01
9439.07
4577.17
1665.09
4586.63
3182.47
561.85
8174.99
3324.38
7186.50
2841.58
3639.64
4491.10
7585.07
202.95
5121.62
1631.21
4550.92
4712.06
3674.73
4830.47
3086.03
586.26
3974.12
3075.04
2193.37
7932.98
9357.28
381.48
2738.12
408.95
5085.91
7257.91
9315.78
874.36
7645.80
4058.05
6433.91
4091.62
2890.10
7796.56
4325.08
541.40
846.89
8978.85
4698.63
412.31
9998.47
17.40
1748.41
1830.50
8842.43
1789.91
8726.77
2388.07
7555.16
9904.48
5395.98
8037.66
7563.40
7234.72
6672.57
8408.46
1836.91
4289.38
7774.90
2615.74
3719.60
3972.59
6187.93
4617.76
7105.32
2302.93
5754.88
2184.82
5775.32
1651.97
3212.99
8548.84
4708.09
8065.74
2480.85
785.85
1174.35
9228.19
7013.76
4004.64
8430.74
4635.15
5536.97
5392.32
9819.64
4535.05
1471.30
7192.30
6097.60
9201.64
1361.74
2665.49
3795.28
5104.53
2622.76
4105.04
7424.85
9532.15
5911.74
6963.41
3348.19
237.74
2446.97
9155.25
8120.06
1666.31
1574.45
9598.68
9111.61
4325.08
8906.52
5057.22
235.60
8862.58
334.18
9345.68
581.07
1415.75
2235.48
3960.39
8769.19
1791.74
3184.61
4199.04
843.84
1039.46
7479.17
9831.54
4514.91
9984.13
5794.24
4381.54
7553.33
5275.43
3281.66
2087.77
3166.60
4523.15
418.71
6600.54
155.34
7073.27
6927.40
480.06
668.05
1992.55
4067.20
9558.09
3366.80
9823.60
5627.31
1224.71
4814.60
9669.79
2913.60
705.89
6899.62
8177.43
4060.18
4387.34
3104.65
1971.80
2963.35
4256.11
1439.56
117.19
8161.26
2515.03
6842.86
8152.71
6965.85
437.03
871.30
278.02
5160.38
519.73
1488.08
1244.85
7578.36
6002.38
756.25
4515.82
9871.52
6810.21
3259.99
8257.70
6781.82
5986.82
3057.95
5728.63
7231.97
5675.83
1985.84
1621.45
1542.41
6716.82
7118.75
927.76
1091.95
918.00
204.78
1882.99
5728.93
65.92
6887.11
9557.18
9252.60
735.50
8518.94
1650.75
8272.35
8964.81
4393.75
3063.45
4755.70
3854.18
7194.13
790.73
7584.15
4156.01
9478.13
5717.95
3422.35
6911.83
4012.27
2870.27
2218.09
2205.27
5765.25
6684.16
7642.75
3090.30
8373.36
2855.62
7784.97
4756.92
2891.93
3340.56
6413.77
1998.66
1645.25
6055.18
116.28
9042.94
4983.67
5850.40
1630.30
805.99
3767.20
8316.29
4678.79
9639.58
5381.02
2981.05
621.97
6623.43
6100.34
7469.41
2238.23
1475.88
7615.89
9175.39
4944.30
137.33
529.50
6024.05
773.34
4092.53
2638.63
2871.18
5415.81
493.48
4814.91
5114.29
3640.25
7147.74
2294.69
6071.96
3407.70
1427.96
4192.94
9694.20
3986.33
7175.82
9050.57
5167.70
8384.96
8650.78
9229.41
4980.93
5414.29
5595.57
1969.97
3003.94
1691.34
8478.35
9919.13
4154.18
8895.84
7967.77
8942.53
2203.74
6592.91
7716.91
6038.39
7297.59
5936.77
4502.09
5157.32
9736.63
4563.43
4795.07
3747.37
1596.12
7989.75
1816.46
7832.58
2738.73
7825.86
2146.67
8440.50
2781.15
2119.51
5944.09
7189.55
5584.58
8139.90
9843.44
3847.77
7824.95
2916.04
6590.17
3680.23
8206.73
1842.10
477.00
7388.23
8886.68
659.81
2641.99
1464.58
5664.85
1134.37
5294.05
1768.55
8508.25
5734.12
8925.75
8136.23
8968.47
1623.28
1576.59
2837.61
6057.62
9290.14
4212.47
698.26
7144.38
6108.89
1276.28
3686.64
5427.11
161.44
479.75
7792.29
559.40
4623.25
896.33
4999.54
3975.95
8027.59
3415.63
8172.25
5490.28
721.15
2625.20
1657.46
2726.52
2827.23
4178.90
5432.29
9942.63
4018.37
6718.65
5587.94
7811.21
424.51
2406.08
8983.73
722.07
8979.46
5133.21
4866.79
3164.46
4520.40
469.07
1280.56
1755.12
9958.19
6408.58
9070.71
4471.88
4819.18
8983.43
1297.65
3658.86
2486.34
1799.98
877.71
4362.01
1439.86
3565.48
4254.59
4560.69
813.93
2662.74
3919.80
8854.64
5583.97
2841.27
7594.84
2170.48
1695.30
9082.61
6883.45
5053.56
6445.20
7703.18
3210.85
7098.91
4430.68
9760.43
3861.20
93.69
4376.96
1818.29
5922.12
7428.51
7155.06
3143.71
954.92
1336.41
304.88
3386.33
8199.41
4534.13
9375.90
9812.01
9125.03
7813.35
1391.64
8147.53
1143.22
153.81
762.96
6104.92
3293.25
2922.15
2949.31
3639.33
1709.95
4708.09
6188.85
9010.59
7694.63
8373.97
6606.34
4706.26
6188.54
6870.02
7014.68
2293.47
7477.65
9385.05
4717.86
255.44
9925.54
4386.73
8632.16
3881.04
6557.51
1125.22
1033.97
1266.52
3303.63
6149.78
4251.84
4494.16
1716.06
6411.94
7610.40
47.91
3968.32
5513.17
4941.25
7531.05
2955.11
4655.60
7973.88
745.26
5302.29
4866.79
5915.10
198.68
96.13
2054.51
6536.45
1099.28
1153.60
1455.12
9073.76
5898.92
5633.72
3041.17
4259.16
5453.35
6812.95
4446.85
1792.35
7856.38
3834.35
2976.47
566.42
9011.51
6237.98
3256.63
1960.20
4005.55
6091.49
2096.01
1509.45
3346.05
5531.48
7115.09
9269.39
3122.04
2524.80
705.28
4180.73
3156.22
2668.23
5887.94
2753.69
2204.66
9832.76
5623.95
7378.77
4274.12
3469.95
2147.59
4579.00
5109.41
5392.32
7881.71
8520.16
2924.59
3833.74
4493.85
80.26
2431.41
7613.76
1664.78
6805.93
6231.88
8207.04
2122.26
4052.25
2638.02
2538.83
4509.72
2634.36
3977.48
4314.71
646.38
3288.06
4452.35
6695.76
8749.05
3265.48
1608.63
4136.78
9167.15
5367.90
484.63
6197.09
4206.37
4734.64
4495.07
1133.15
8592.79
3698.23
2116.76
2093.88
2143.31
17.09
3438.22
3721.43
1210.06
8801.84
5633.72
1976.99
452.28
3442.18
1427.05
5002.29
1504.87
5854.98
9606.62
7827.39
104.07
1355.94
1648.61
8738.06
8231.45
8478.04
3525.50
118.41
2841.58
9037.75
6743.06
1576.59
7732.78
8774.07
7683.95
8168.28
125.43
3861.51
9313.33
1530.50
8511.61
3617.66
4308.60
6740.01
3330.79
4712.36
3681.45
2702.11
7050.08
7194.74
9945.07
8893.70
5190.28
7648.85
8898.89
6259.96
4880.83
9790.34
9088.11
5088.66
2490.62
7817.62
3000.89
7666.25
6906.95
2828.76
9066.74
8533.89
18.62
7618.03
8517.41
152.59
971.71
162.36
6175.73
6790.98
5754.88
1115.15
9229.10
4447.46
8680.07
5610.83
3058.26
9623.71
7320.17
4704.73
8175.60
4752.04
7467.27
6749.17
7340.62
3101.90
9670.40
4026.31
6913.66
966.52
3920.71
4947.66
1511.28
9951.48
4041.87
7129.12
6024.35
7168.19
8350.17
1661.73
4058.66
6155.89
8147.22
3883.48
6871.24
6335.03
606.71
968.96
1849.42
3809.02
7619.56
1647.08
4608.60
1326.33
7155.06
8360.55
3763.85
215.46
8708.76
7178.26
2438.43
2105.78
9391.46
5777.46
5577.56
3243.20
2226.63
4799.65
7119.05
9219.95
3216.65
2902.62
6095.46
2923.37
8742.03
812.71
5721.92
3523.36
9854.12
4697.71
4533.52
9303.87
5025.79
4162.42
3639.94
2157.05
7921.08
5193.33
9151.58
6549.58
1746.88
3349.71
3846.25
773.34
6749.47
7527.70
7136.75
3294.78
2417.37
9597.16
7400.43
2013.31
954.92
235.30
5735.65
9244.36
3587.15
6261.48
5207.07
233.16
6258.43
9787.29
4638.51
8024.54
6289.86
4499.34
1023.59
2480.85
6555.38
9379.25
9609.67
6285.59
8738.98
5180.21
5718.56
5721.92
2237.31
3969.85
7372.66
9054.23
270.70
7050.69
2778.41
317.09
9761.04
1572.31
1741.39
1331.52
6542.25
1149.02
5065.46
9749.14
2468.64
791.04
1004.36
5949.58
5974.91
1467.94
2826.93
6597.19
2659.69
4611.35
6556.60
7668.69
7450.48
1870.78
2951.14
4766.38
4910.12
438.86
2781.76
3530.69
9256.26
9253.52
9476.61
7961.67
642.41
6389.35
8187.51
9461.96
9280.07
2958.77
5348.67
4416.64
3946.04
3824.88
7784.66
3121.13
6456.19
442.82
5428.94
7867.98
8648.95
6147.04
6723.23
3005.46
3460.19
9186.38
751.06
4784.08
6635.94
3832.21
5173.80
3798.33
654.93
4859.46
4030.27
7839.90
7420.88
5723.14
4460.59
7972.96
1284.52
5736.56
6420.48
5644.40
8965.12
6566.97
4443.80
3642.99
7921.38
3359.78
5521.71
8717.31
9749.75
804.16
2153.08
8666.04
159.31
9453.11
4638.51
1714.84
2094.49
2608.42
1669.97
991.24
3561.82
9086.58
3288.06
1907.10
6729.03
2174.14
5261.09
5265.66
9854.43
89.42
8956.88
3903.93
8611.71
8258.00
5760.37
5681.94
8371.53
8717.00
109.26
632.04
4001.89
6964.93
202.03
5081.94
8751.79
1560.11
445.88
561.24
8778.95
6789.76
4704.43
307.93
4883.27
3714.10
4410.23
1181.68
8012.94
9905.39
600.91
3803.83
98.27
3188.88
3946.65
8728.90
6784.88
9701.22
1824.40
1466.41
3619.19
1575.37
6509.29
4161.81
2257.15
4572.59
3538.93
6748.56
8253.43
959.50
4318.67
5388.65
6993.93
7961.06
2023.68
1008.33
9338.66
7084.57
4869.84
5744.19
3530.69
4641.25
5804.93
112.61
4939.42
8767.05
2691.12
8715.48
195.93
3261.82
8038.88
7288.43
7290.26
3559.07
2350.23
8918.12
8180.49
5133.52
144.35
2222.36
5492.42
9665.21
2713.71
9324.01
9857.48
9268.78
6686.91
6415.30
9459.82
4102.91
2453.08
4737.69
8353.53
3669.55
1510.06
4781.64
5111.85
7119.36
6804.41
1521.65
8369.40
2868.74
5118.56
3501.69
