688.66
3652.15
9474.61
6018.79
7894.59
8063.03
416.49
7875.16
9353.81
9824.17
8709.45
8549.37
2508.67
6991.77
7021.94
7943.43
9969.12
9696.98
3768.26
7103.86
2038.94
8072.70
2361.08
2435.83
9699.76
1964.62
5527.82
3756.41
4199.58
7380.02
8900.84
4888.24
1032.17
8375.45
907.03
8926.76
6438.48
1323.52
6801.92
5792.29
1147.69
5511.37
4341.66
3656.37
2503.14
1363.60
1599.79
2472.26
1060.57
5368.05
9576.12
3099.51
3440.75
1937.20
5535.34
3140.51
3901.82
1063.16
6896.92
8101.40
8443.18
5797.75
2989.64
9475.34
4173.20
3896.67
8402.10
611.68
5220.19
5204.02
6403.97
6367.88
715.38
745.63
24.25
3218.52
2109.22
1624.04
5690.78
3169.80
6992.09
5266.91
6269.31
432.84
7204.11
1804.65
3573.35
1105.93
2867.81
470.27
9207.33
1310.99
6268.02
2196.97
786.33
441.22
6093.64
9188.43
1052.91
1313.84
4392.44
7456.88
7681.72
5107.83
8202.51
7705.97
8326.35
311.73
9330.01
4017.14
3481.53
6322.11
9284.04
9750.84
6754.95
6488.15
1555.49
328.30
7594.08
4423.30
798.56
6801.41
5734.29
7066.58
8998.38
6520.62
7507.81
5092.02
5709.04
8560.72
6405.86
101.49
6017.59
4087.58
5209.31
4220.10
1793.55
3535.67
4531.83
1123.56
7552.80
8013.36
7445.67
6836.85
7764.20
4200.61
3325.00
9319.69
4528.91
919.08
3742.99
5327.47
7720.49
9477.27
2394.06
6718.87
5997.89
9901.87
1810.89
1706.93
8462.58
8216.74
1808.42
4480.17
2304.32
7017.73
8700.27
4097.87
553.40
3232.10
5221.43
8106.20
1245.46
2667.10
4943.05
9009.66
6867.72
8268.05
8329.35
1396.62
9187.13
2072.34
6724.10
6907.62
1549.61
9118.15
3626.48
7547.50
9020.02
5437.37
9254.43
7482.60
3654.11
1062.85
1962.77
5958.43
8080.58
663.05
56.30
8633.98
3895.15
5277.73
6740.18
5140.61
7944.83
1683.23
4150.27
4812.55
9951.28
2479.62
6209.17
9138.41
4551.96
2933.27
6046.02
6101.57
2051.42
9672.51
3649.07
1071.44
5109.87
2903.50
8554.04
8763.98
3966.34
516.81
4722.41
2046.92
1179.86
4778.71
680.90
5075.01
56.44
7421.08
215.62
8001.28
9104.31
4365.89
2813.83
9055.59
6845.51
9023.00
8194.00
1397.47
1956.27
4240.02
7499.04
4007.69
3912.53
1148.11
5079.13
9022.40
4051.60
3633.17
7786.38
8017.95
4149.98
2508.79
64.87
5329.84
7287.50
745.77
404.84
7343.95
8166.86
620.46
5345.22
7271.17
4986.35
8159.05
6326.76
1831.87
7182.05
4520.76
3229.34
9138.31
8760.78
728.38
3146.00
2673.30
1876.49
8225.13
1695.70
5928.10
1858.30
9482.08
3946.04
6008.28
1990.88
4010.91
1338.12
9278.38
4756.69
1742.96
6622.32
2923.54
2363.42
1967.55
194.71
7349.78
126.59
6521.47
9181.65
7308.64
1042.23
2410.99
6446.96
9803.00
3139.38
9592.96
2476.31
5015.87
7818.09
4172.01
943.97
9676.39
3654.09
4890.01
5684.67
5644.97
8900.92
7022.79
4923.35
3657.61
8765.75
1545.67
6581.15
1129.17
3513.22
6775.86
8478.95
3639.81
3297.33
7660.60
948.45
4339.55
71.59
7395.41
4142.56
3210.97
6988.37
6618.86
8226.84
4806.46
790.87
9170.80
4482.85
4444.97
4060.81
167.52
89.94
2961.73
7190.31
5013.28
6619.34
5956.07
6558.96
3200.49
7085.24
72.17
9976.35
5564.19
3711.99
3273.68
3224.79
4660.44
7613.23
3296.39
2055.85
1755.79
6507.36
9044.22
8374.65
4734.20
3850.68
9165.52
3905.00
8333.53
3610.49
7965.81
8501.06
3700.42
927.55
5691.37
8713.70
7546.89
1647.44
5272.66
747.38
8732.68
5344.83
723.73
4296.87
9056.82
3997.41
7521.66
3717.26
1610.64
818.05
5773.11
3366.43
7325.41
4817.33
1741.07
2059.61
8668.01
906.59
5964.61
7001.54
4517.08
3930.42
5502.60
8217.50
4857.97
1193.97
6931.20
2404.86
2841.41
2203.86
3152.24
1574.08
7548.69
3875.97
5870.95
6605.52
7873.38
3392.62
322.78
9484.02
4210.67
6095.89
2850.45
1536.08
913.23
4591.52
3595.69
9581.24
5498.12
9560.29
6582.78
15.19
3490.72
2085.38
8232.69
8348.69
3279.35
5163.90
753.55
6120.76
7367.76
3905.80
7694.84
4916.45
7781.77
3565.80
1521.97
5655.15
6958.41
1844.75
5139.18
1169.08
7940.64
7989.62
2705.16
8853.86
2581.14
6300.85
8435.10
8079.26
5861.14
5017.89
8094.45
9351.86
7103.27
6327.15
7700.55
382.62
1491.04
8454.10
6503.38
8858.80
2359.90
4198.23
3775.25
141.67
7764.02
5297.22
5796.83
4722.44
7141.97
936.00
5891.52
5082.61
8925.62
8596.68
3936.47
1506.77
4897.52
2371.57
9586.03
758.67
7389.46
7680.48
110.53
4492.73
4007.63
7811.08
4875.35
5498.68
6265.18
1378.74
4357.48
8625.08
5576.97
8132.73
8766.75
3340.99
3429.95
4563.58
8063.43
571.92
5499.58
3954.94
5654.53
4425.21
2551.62
9591.00
5931.98
7449.14
1962.57
5518.01
8207.81
9352.03
3198.49
8318.33
3844.76
7206.12
6129.41
8720.11
2704.80
2394.59
98.85
7062.27
1019.67
5675.82
5195.01
9786.43
9016.81
8624.96
4350.00
7080.23
9196.88
9849.58
1035.17
4851.41
4274.79
3586.79
4442.41
206.76
1035.94
6404.98
5724.77
9243.75
5757.01
8923.26
7562.08
9601.77
6129.38
3691.49
8321.89
8834.18
6086.08
8420.74
5896.45
7105.76
4096.55
1091.46
6892.18
3113.36
9716.42
1242.19
193.59
8913.30
1091.77
1228.77
3764.71
5366.56
4815.56
8207.12
5573.32
5851.50
4612.10
1298.09
5095.24
369.11
221.35
2657.32
9970.88
6350.73
6348.81
8292.77
5184.91
2434.90
6713.51
1081.36
9540.65
810.06
2172.82
6432.83
3923.42
1889.24
7675.02
4117.01
802.54
8766.79
5345.78
4567.25
4133.35
161.34
2774.37
9706.67
6012.83
7386.47
1004.76
1108.07
7755.58
1226.11
3765.40
7726.46
7576.84
114.21
6019.23
2761.75
2549.10
2732.74
3843.11
2089.75
3542.80
6015.93
8522.59
7466.22
7905.17
6197.61
1583.24
8707.71
4964.40
6929.01
3274.97
9097.74
7090.35
6049.33
8804.41
3103.18
3435.80
9809.17
4211.26
1191.38
1035.28
7976.65
8917.84
8612.12
8090.86
4937.07
1373.87
639.96
7669.81
5216.98
2729.72
1212.61
1232.91
1252.31
8678.84
9138.08
7449.91
262.07
7845.79
2414.31
7191.09
1120.76
1512.05
4281.44
7170.09
316.46
7384.62
605.89
125.63
1595.88
1797.27
1160.91
9572.53
715.11
9773.02
7663.39
5652.19
1146.89
8303.36
3322.00
6363.86
1033.07
4534.61
7596.77
2285.38
3213.45
6734.85
9735.29
3475.52
4580.64
2149.60
666.61
5701.40
3661.65
4948.05
2871.49
3978.11
2332.67
3477.39
4103.74
3928.55
5274.66
5264.64
3501.08
5989.77
5037.67
1164.47
1641.96
6184.55
9467.82
4963.96
2548.42
500.90
9498.57
145.19
2786.28
2712.02
6880.04
2521.57
6187.54
1460.68
4671.18
6854.16
7162.08
8332.83
1802.20
33.57
2310.94
4134.87
3510.96
6414.68
8063.42
8785.62
1679.32
1564.49
4775.39
6716.99
2728.96
6417.35
2901.54
2196.79
1381.30
5449.96
2697.69
879.87
5595.14
5483.96
3591.89
2475.18
8005.54
9779.43
3935.86
2676.71
6633.59
1097.94
1009.54
8435.79
1131.51
3320.48
2570.66
4642.47
9735.16
634.08
3428.09
1414.48
2198.57
8203.48
8131.46
4927.54
4620.83
1033.00
7124.32
6002.13
6482.96
9822.01
6882.00
2078.10
5305.97
473.89
4553.28
3311.51
253.32
8489.13
5988.23
6886.91
9587.07
6997.77
5322.70
718.58
318.25
7893.37
5361.05
53.41
8527.45
8789.14
1467.88
726.02
6992.62
9599.35
5653.56
1613.44
632.35
2777.88
7615.57
7115.31
2599.89
4497.57
9193.40
7905.86
4971.46
3746.68
1217.37
5224.78
2235.81
7205.60
2111.69
1822.88
4203.37
7434.39
2541.46
4521.62
5327.76
7902.51
4575.02
3855.21
6691.65
6042.91
4581.23
3684.26
5642.25
234.79
5297.71
6274.60
3012.67
2913.28
3389.91
5612.55
7410.84
2583.31
3518.41
2382.30
6329.99
4735.78
7607.08
8565.80
1941.38
9718.76
388.69
6144.75
7153.16
2930.15
666.37
2480.92
832.65
5241.39
6336.13
7524.30
1284.30
917.36
1208.56
6926.55
1152.14
6506.27
3201.15
4164.81
9419.54
6591.06
9777.36
6830.39
9174.37
3295.78
9212.68
5504.36
8031.56
6819.76
4070.17
9972.94
6538.52
4458.85
6117.69
3691.68
7389.00
6784.06
6172.60
8221.65
2025.45
2508.73
5745.95
3309.75
3426.09
6954.52
236.30
4578.23
3460.79
3437.46
8743.04
2880.33
28.52
8520.41
9710.72
9202.89
1816.18
8923.40
4707.25
9847.75
5743.16
8777.42
9820.69
2281.68
3236.27
5938.38
5973.37
625.27
2722.44
2145.97
8846.93
4747.90
4654.70
4592.88
8057.65
8080.79
1547.40
8293.95
2659.03
5008.19
1731.40
1402.07
7888.52
1759.92
9922.48
7599.23
962.81
1738.66
6522.63
5670.06
1586.41
2265.79
4447.48
1407.09
4547.47
7683.76
7345.48
520.84
8309.03
67.92
2666.81
7155.96
4815.82
7321.51
1748.84
2873.46
5402.30
3296.25
1167.41
8061.32
8304.43
2898.81
9463.39
6192.95
4658.73
9385.87
3792.18
5621.54
1124.54
314.81
1291.61
2710.94
2580.60
5739.09
4118.04
7128.07
3422.85
1463.51
7648.90
1731.88
1531.43
315.71
8887.84
6347.25
7637.22
636.69
9220.71
3039.51
3932.93
388.12
1100.84
2237.36
3286.94
564.23
8430.31
7945.67
9950.10
2222.49
3567.22
1074.64
2537.29
4858.82
3785.58
5117.89
597.91
7903.62
2245.96
4020.76
9367.13
9894.86
5752.64
898.57
210.57
4640.48
7245.82
7847.79
5277.17
6466.53
887.30
9210.10
6854.65
1988.14
1447.46
141.59
2552.37
9877.77
8087.26
2502.47
2100.26
1654.48
3577.11
4637.55
6513.30
7362.69
9755.44
7111.22
5266.31
2001.40
1131.98
4633.44
1896.26
6884.62
5532.01
2106.83
1525.10
2777.83
9954.61
6802.27
9244.36
841.91
6012.37
6099.01
2830.05
7459.83
6240.60
5382.41
7337.60
4327.87
7884.89
9437.86
5982.35
1462.00
4075.41
2495.65
8824.69
3830.85
9606.87
4091.00
5832.24
738.85
8724.45
7728.50
7623.47
4256.46
9835.33
9148.57
7034.29
9789.94
5950.83
6278.65
631.85
1963.20
2377.66
3461.89
9423.03
8618.26
8844.31
6760.63
2946.13
6729.19
6198.48
8928.48
8191.19
273.89
1424.14
7015.89
4104.74
1031.01
1106.89
9936.98
1769.86
9831.34
7665.48
9393.33
4087.80
7500.81
8541.89
1122.09
7290.75
4492.73
7400.73
7922.59
6455.93
9778.39
1384.48
5878.96
8396.65
228.79
2639.58
1342.79
6957.98
8838.06
271.27
5149.18
9111.95
1695.40
2165.07
3216.69
2726.41
3271.96
3153.67
4496.27
3103.30
819.16
3889.59
7191.10
8319.97
2431.49
8313.18
5610.71
6924.22
5713.91
3533.30
3380.15
5492.30
4917.79
9259.10
3888.96
5146.58
1898.69
5231.75
2104.56
736.75
5503.01
7253.74
9848.70
7198.42
9418.80
3065.40
9924.83
2690.76
6219.07
4421.10
5794.06
7038.23
8310.69
2985.15
5358.19
742.18
1298.33
968.90
7666.40
7012.25
4502.21
1046.54
2504.55
9419.99
305.65
6393.51
4566.57
2204.33
1625.25
6671.13
2941.08
7128.27
3924.87
2789.79
4326.68
3343.67
5855.18
4251.51
6034.44
2074.25
8672.61
1828.49
9112.48
6983.30
4813.65
4470.67
7725.48
6111.98
5439.57
5391.87
3124.23
9941.78
6438.41
5628.78
9361.77
6744.06
2022.29
3928.34
8948.39
3647.54
599.46
1889.47
775.81
4524.33
4679.26
5102.49
7868.01
534.44
9354.00
3902.44
2608.69
8026.61
5730.93
1721.17
5009.90
544.58
6191.84
2735.38
6656.56
1631.41
8127.25
9780.79
1573.18
4565.67
5409.57
934.95
1309.73
7431.85
4863.29
258.12
1079.39
5462.75
2147.59
1855.20
9987.08
6826.85
6957.69
7855.09
7361.29
6311.69
1757.53
9969.98
4338.30
7488.47
1691.15
9348.20
8033.05
7882.98
2083.58
4689.61
9514.39
210.83
4470.40
1087.58
4776.50
9879.97
2022.53
6086.23
7311.82
6885.82
6344.34
8391.21
2348.57
8491.94
246.41
2335.65
5318.79
7204.10
190.74
2680.08
3515.79
1948.27
2650.06
7854.09
9436.74
4341.20
7202.29
7469.78
2224.19
9285.87
2159.39
1738.58
9496.71
6629.79
2826.15
4273.21
6509.76
4848.68
359.43
3821.58
1734.50
6703.78
2212.79
4083.07
5195.71
2459.21
6418.72
514.50
9663.31
6609.46
3194.57
3179.11
8557.73
5844.63
1033.20
7994.46
185.83
8235.49
5464.25
2410.02
7521.36
7623.64
4148.60
7018.07
4253.43
6974.75
1291.28
763.19
1823.44
1650.71
4584.76
3557.93
8354.48
6797.56
7641.00
3550.19
9256.77
4059.71
4064.69
8920.08
669.17
7259.26
2099.18
9226.90
3103.89
3132.38
7221.36
3289.72
1367.87
2685.61
5699.74
8889.23
309.25
9848.34
5907.30
4562.67
6823.09
7198.57
5325.86
8646.52
8849.28
9910.62
2204.46
7203.76
6708.18
9845.46
753.96
5964.95
3905.17
4818.65
4885.02
4574.34
2077.91
6984.21
3801.24
5181.80
116.59
1022.60
8471.53
1484.46
3708.21
4171.27
373.69
4017.46
4019.60
6280.98
8580.13
842.69
3479.56
3905.99
9489.22
2328.84
3816.61
1693.68
9532.60
524.80
1539.13
286.56
6489.74
5444.31
5105.21
1374.77
18.65
7183.12
8358.98
3819.89
2364.93
8475.56
4842.49
836.45
9960.02
8550.70
5007.72
333.70
2568.16
9027.32
6614.69
1148.29
9870.02
94.25
5054.28
9359.23
2423.09
8870.89
1052.91
1955.69
9395.68
2592.04
2242.25
5885.43
8036.35
7347.46
7260.20
8055.00
4530.59
5619.17
1874.89
6895.51
4094.74
6717.38
7731.97
4054.76
5268.08
2739.69
4388.46
7836.24
1767.01
1003.15
8984.53
1637.02
1097.40
4038.80
996.26
3520.48
2909.69
2049.17
5476.17
2305.38
4641.21
7718.43
8190.81
2677.56
5065.89
5451.00
732.56
9596.48
1070.17
2607.45
6491.99
5164.91
9324.83
4223.96
9219.67
4592.92
6963.65
3608.13
2429.16
8730.66
4611.27
1413.69
367.68
5708.67
5452.49
1363.94
9229.15
8362.18
3413.11
4705.33
667.56
8054.32
2423.75
8858.37
731.88
7489.64
4309.37
1464.45
7086.12
5379.54
4071.90
3578.11
544.46
3396.73
7802.07
9764.12
7989.65
4765.72
3372.25
418.81
3496.38
7983.52
1832.49
3864.06
3692.19
7284.98
5227.99
2921.35
5647.17
8641.10
7626.67
6314.73
6695.42
50.43
5173.10
7427.30
7540.07
9482.47
8891.75
4626.19
4862.01
2963.65
8204.30
5406.47
6360.38
6006.38
5170.59
4350.02
772.09
8542.84
4768.83
4268.47
6526.36
6601.32
8132.52
218.55
3886.31
3360.52
3139.90
9533.48
2001.62
766.58
5848.21
8697.04
817.00
1021.30
6124.35
8357.07
503.77
5016.10
2983.26
5365.78
7979.74
1187.57
772.25
4340.12
7193.94
5942.84
8690.14
7966.04
4485.68
3458.97
2234.51
1012.04
60.30
367.03
1230.59
3946.61
3727.55
4370.49
3480.08
5729.17
5137.07
9328.29
4426.21
5954.07
349.59
550.56
4311.14
853.37
5566.66
7294.41
6219.15
3546.40
8481.97
6991.40
7886.52
5675.92
2934.24
6576.66
3641.95
7419.92
35.64
5876.46
8431.96
95.93
6243.49
9662.55
4042.54
9971.04
4033.04
7522.62
5700.21
9170.11
6850.91
126.42
5124.18
7200.51
676.98
9435.32
8053.88
6243.64
6729.73
4273.03
9790.04
5211.70
1264.43
7676.56
887.62
4198.67
4253.22
4529.57
1618.60
4288.85
406.02
50.55
4384.79
6649.51
9713.10
8427.33
6620.55
3746.14
5949.95
2320.76
2916.25
2800.87
2447.18
8040.42
1.37
3124.16
7475.74
8055.25
9367.80
4205.47
2328.28
9157.84
9417.17
3592.71
6834.40
304.78
7791.38
1087.62
4834.35
9409.98
5376.47
5240.38
9460.53
9761.26
1889.89
9173.64
8188.58
8510.44
2919.78
4138.54
831.19
5836.03
6939.40
3278.38
3876.45
6940.78
6402.54
1352.19
4996.03
5770.34
5557.66
7324.31
4928.19
4974.83
917.01
1762.59
5279.61
8708.40
2850.21
113.97
8118.38
8226.68
5354.34
7578.91
7987.93
7244.23
6752.55
6176.52
5754.66
9672.33
315.05
6585.86
5508.36
7254.46
9864.23
9384.81
4195.23
6266.77
737.01
9191.26
2037.12
6294.67
6515.56
6965.31
1269.50
7432.58
8727.90
6549.12
6140.98
1578.10
6663.08
4259.35
9804.78
2017.42
1838.27
7792.71
9261.65
8590.82
3969.23
5016.31
8263.15
4284.28
1602.17
3771.51
1538.74
1466.41
3156.32
5733.97
7733.18
3893.33
4925.23
9770.30
188.00
1440.79
6735.61
1457.50
8873.37
5463.51
8006.62
5014.34
7041.61
4669.70
9273.70
6846.39
6687.12
1111.96
4639.10
5948.77
9702.78
8608.33
965.08
7965.93
2892.61
2567.26
1737.44
4431.35
4033.66
4893.76
165.32
1766.84
8787.08
5090.55
1537.15
8975.08
6531.34
8272.75
432.58
5404.71
3736.26
8439.19
419.05
777.87
3108.89
9692.75
7624.25
9796.01
804.71
2263.35
5744.78
507.49
871.68
6709.87
8473.42
3764.29
9277.12
210.86
8195.64
3310.79
5104.61
8360.96
5077.63
3891.69
3451.51
6614.78
2866.77
9982.85
4887.53
3299.35
5387.56
8623.79
1738.54
5806.61
9401.66
4847.43
5499.35
7025.91
4643.44
6304.06
9289.26
388.23
6811.56
160.94
7098.09
5284.98
3925.23
6375.21
5495.83
2120.87
9686.00
600.44
481.83
4763.63
4492.14
3933.33
1378.41
7358.91
3916.18
6265.94
658.26
9303.74
4889.73
2396.80
5110.34
4291.39
7244.24
609.70
1317.30
1887.68
6913.76
606.56
2275.91
3725.32
767.50
9374.00
9010.29
4692.72
5749.21
4506.12
6813.59
5435.21
5106.57
7295.42
198.84
9598.70
1228.75
1577.25
6957.61
5144.93
7843.19
7615.87
4448.67
2732.91
12.68
9559.01
7024.30
7256.91
168.71
8341.60
9144.60
7082.48
8948.16
1420.50
807.80
9715.65
794.50
9818.09
4408.38
6543.71
4324.21
1221.97
1978.92
9430.78
8517.39
2177.77
9029.48
9746.14
3755.01
5987.09
4891.07
1598.20
3602.97
9339.74
4331.11
3615.64
8898.75
1355.41
872.56
9067.47
9697.01
17.15
6149.94
8645.17
1437.66
6957.74
8360.82
2232.16
6775.83
2769.20
8775.87
1100.04
3991.17
754.80
530.82
2508.56
2932.56
9560.30
2254.69
6687.58
5547.40
7145.76
8285.77
9150.36
6485.50
2616.88
2766.00
5384.26
3972.29
3638.56
4451.73
3669.30
3655.71
601.67
2314.47
5093.37
7559.41
675.29
7325.53
4335.24
3444.49
6101.40
5435.28
7435.66
6856.20
5966.11
9944.22
9788.76
5526.41
2198.91
6476.34
1073.81
9344.67
4762.11
224.17
5830.18
7378.99
2990.17
1214.44
1351.29
6628.73
5666.17
5020.59
284.44
6267.84
7335.07
5377.81
3827.25
8010.36
2703.34
8162.49
1454.85
8804.74
3597.78
8890.51
5660.94
9563.88
8834.73
5449.70
5090.29
1033.64
1926.04
6164.10
378.31
6688.15
6388.27
6208.49
4067.15
9378.45
7422.92
5418.44
6007.18
3089.09
439.03
6291.62
9356.93
7774.10
1669.44
3184.18
5784.46
4372.78
1346.67
7239.31
3177.52
4944.45
6129.82
8838.46
4508.33
4964.54
4288.16
9598.63
5998.18
6214.20
5762.73
6376.49
2902.35
2151.00
2584.97
6969.50
1529.45
7.89
2387.94
7536.63
3096.98
2826.97
3828.25
2453.91
601.06
5497.69
5638.09
6385.52
9870.46
6984.76
3624.83
3047.98
1929.21
9754.64
1886.43
6437.54
4719.18
6174.59
6036.17
717.36
2388.79
1798.90
7093.85
5291.15
3949.90
9678.82
2260.64
5479.35
9686.71
4648.58
3015.98
2783.69
7475.55
6844.23
5237.60
8076.61
2341.92
875.69
4462.13
2212.38
7860.45
8086.96
5260.36
9789.66
7841.60
7146.79
6227.20
2560.78
3321.38
2263.38
3278.14
5710.18
4062.27
371.99
1001.32
8012.18
50.80
3261.97
3491.53
9737.51
7910.55
6507.50
2521.21
5386.09
3351.73
7758.81
3462.70
5693.65
8634.50
7924.84
7906.02
6494.95
6011.79
3166.38
6284.62
3853.39
313.17
2511.82
6414.18
3634.56
4775.20
9692.32
9344.73
8837.47
64.31
346.05
6849.65
115.11
3608.02
341.17
9852.62
1518.57
6848.68
2373.83
6904.66
200.41
132.64
367.36
5894.06
8767.14
8292.20
3800.08
5262.10
4304.00
6966.46
1546.71
8157.39
7279.63
4058.54
4571.57
914.19
8833.73
4263.88
258.92
7671.20
4328.19
604.97
4520.85
4443.30
4213.00
4862.03
4295.92
5731.56
1710.70
6669.75
2636.22
1911.11
6802.39
3003.59
7805.17
5569.53
1295.79
1605.25
831.63
5599.78
8571.71
2378.34
3757.17
5851.34
6436.88
8328.74
6765.53
5270.61
2592.62
7024.45
2941.81
6920.81
7629.43
7462.66
1364.10
1842.42
2324.69
5660.02
7573.98
4035.39
2329.77
210.21
5946.50
9132.16
3213.79
3751.67
4701.69
4509.58
5356.92
5533.32
109.36
3928.64
7911.66
3866.53
9779.98
4348.53
2195.26
6545.51
9619.14
4787.88
3569.96
2560.95
1708.69
1199.39
23.61
3072.79
3041.81
2348.30
8732.82
615.80
6383.69
1062.59
826.00
2330.19
194.75
4039.80
6081.86
4896.44
8549.38
1438.79
429.75
8658.73
5367.43
8341.41
2525.26
5147.41
2689.94
4720.53
1692.92
2309.08
9508.41
5262.88
4870.03
1217.10
6462.27
4893.65
4289.89
9504.09
7241.94
3022.71
119.89
3625.63
4085.30
945.89
5955.82
4280.05
4985.69
2037.69
9176.48
3535.06
3476.48
9606.24
2193.80
8843.90
7947.64
4719.06
3991.31
637.59
9439.58
5684.23
2946.67
8947.99
947.11
7816.70
165.09
7409.38
2710.35
4454.98
6913.47
9952.29
7477.70
7033.36
3577.92
1563.00
7979.25
9533.75
5843.04
2964.94
1571.44
5019.53
6500.00
5047.91
4625.76
8693.79
3891.82
2573.41
3412.85
7883.13
3210.99
2852.44
3567.35
6157.66
1800.43
4514.47
3974.37
1965.52
1923.85
6684.72
6420.51
8837.32
6637.01
3898.20
5870.68
214.93
5461.20
3849.93
9748.68
1304.24
6814.86
1320.12
6323.77
3314.86
6368.03
949.54
2008.65
259.85
3522.95
5421.51
8142.98
6733.94
8273.94
1710.33
2891.60
74.37
6224.80
6865.97
2039.89
8148.65
3550.69
8460.40
6985.97
187.69
2358.60
2856.65
402.63
7819.80
6706.58
151.31
9124.04
3521.44
1471.43
5447.81
6836.30
7839.46
6397.35
8844.95
8099.31
9920.30
4266.46
6242.28
6654.24
2540.40
7952.61
9545.84
2614.78
4177.41
6411.81
4654.67
2326.05
9962.50
3115.07
9312.02
150.20
5473.67
2168.67
552.82
3293.46
8875.25
704.13
2417.51
2396.69
2175.56
7865.32
9232.99
15.01
4262.67
8077.94
8114.32
4182.97
2344.41
4356.60
837.21
4884.81
2309.21
383.05
7499.58
6486.62
6794.86
2154.25
8812.67
6757.36
5269.32
8124.70
6907.56
742.98
293.37
7460.38
4036.45
9168.62
8164.51
6453.95
1565.31
340.07
4319.27
798.30
355.08
8581.94
8876.24
8469.40
2764.91
1220.65
2826.00
3602.12
6105.46
5135.21
3985.17
3605.04
1621.83
780.03
5759.30
434.50
7537.40
1028.61
8559.20
4444.96
1771.60
8852.57
1905.34
5808.04
8021.19
69.85
2261.99
9586.50
409.92
6581.27
384.80
765.00
5163.21
9261.05
9234.41
7928.12
481.70
2060.41
1530.24
6587.15
7195.62
5515.41
192.20
8817.45
6295.44
5951.49
9251.95
3832.84
6980.11
7811.15
8277.80
8751.70
6663.73
183.14
4559.75
4684.92
252.99
6821.74
4271.42
662.91
3403.00
4656.22
1427.92
8566.21
3917.27
662.32
6494.33
4398.96
2722.73
8024.57
986.12
9918.35
3539.98
1178.32
8735.80
9835.42
7129.81
7987.75
3668.26
4109.92
5798.91
1946.06
2861.62
2462.63
2129.20
7421.36
7147.55
2382.19
4243.10
1418.97
3045.10
7646.11
6075.19
4473.02
6212.32
9992.46
5135.34
2706.65
4391.42
7858.08
731.22
5377.54
7776.42
4271.20
6555.86
6512.22
4106.62
3685.66
4499.97
7774.89
7795.58
298.88
9720.95
657.20
2761.51
1850.15
8078.56
9909.06
4232.33
2321.66
1328.03
7277.44
9967.77
7403.22
1750.46
6180.09
7395.68
6885.80
8886.74
1787.10
4743.88
9617.96
7164.64
2520.30
3889.16
3720.50
9032.53
7995.79
7406.16
3532.50
5770.67
5201.74
3831.38
5491.62
5858.94
6592.89
7341.76
3937.50
6501.95
1574.10
6259.16
7829.98
8851.54
6226.93
5233.20
602.00
2407.02
2628.88
7487.80
1293.75
4415.98
2231.68
911.71
1580.62
4751.98
4800.88
5301.12
3784.51
2796.66
2707.28
7317.01
8567.34
7909.02
1148.39
4058.96
3767.96
7741.28
1400.72
7705.46
4243.24
2974.82
3964.62
2073.22
1826.36
191.54
7306.42
2428.36
2598.56
9935.29
9916.16
3892.31
4351.27
2147.84
4804.03
5931.89
6899.82
9604.90
1233.01
684.33
2401.57
3940.29
8001.34
968.91
1849.31
9149.73
5027.86
5617.27
6891.01
6428.58
3322.73
1134.25
9403.41
7287.34
3207.46
1229.77
7478.89
513.88
3658.12
77.44
449.17
3574.28
3969.75
4800.45
5722.11
8773.78
732.34
2621.93
8378.68
1965.35
3306.26
780.25
5905.64
1307.60
1749.16
7754.96
457.33
6777.02
3372.23
7348.34
3205.61
6694.95
8482.59
2609.01
3982.30
1690.05
3838.78
1461.18
2203.93
7496.90
1538.62
2653.11
1071.18
5508.38
7453.55
6793.29
4282.16
8185.90
9415.22
2660.84
151.25
2721.48
3441.10
6056.89
4029.07
5190.25
3811.85
4486.40
1967.27
7184.07
1834.74
5172.88
3879.03
317.32
7781.89
7861.32
2007.38
1620.67
9322.50
4211.31
9117.57
861.13
6864.42
188.75
6369.50
4317.97
6982.04
651.66
2503.87
6397.26
3312.51
2655.11
9118.74
6753.60
8712.00
3147.81
1943.86
2523.85
7634.21
3911.13
9707.92
9468.95
9084.01
3586.95
9786.27
6865.91
1448.27
1793.65
8486.58
770.77
6004.96
7604.15
1631.90
2869.38
7792.90
8001.40
7187.35
4774.94
8653.07
9691.22
1172.20
1965.57
2346.33
290.94
8719.17
1058.33
3438.75
663.03
3582.19
1072.96
4574.16
3290.11
541.91
3658.17
6877.06
328.18
524.08
8325.33
2121.83
9010.66
9096.10
8126.79
6614.81
728.00
996.17
4407.72
8729.40
8183.52
9182.66
7382.47
7874.73
354.86
9348.04
221.06
645.80
8067.21
1279.40
4084.55
8730.24
4861.58
5157.51
3304.41
8151.69
5699.42
6962.58
5028.75
6027.60
7486.66
3354.08
8149.43
6497.32
2450.18
6276.22
3112.13
3178.18
7272.38
7519.85
1907.59
5455.90
6702.51
9290.05
3330.63
7057.37
8638.09
3551.69
7703.17
6705.31
4831.09
1787.72
5435.55
9692.67
6945.22
8739.96
7844.36
2644.64
5702.54
2873.11
8672.24
3189.20
6227.19
6821.67
9686.52
8677.38
3097.88
2798.65
1855.56
370.27
318.50
3763.14
5826.17
7021.01
3053.20
9156.80
4078.38
1691.29
2708.49
1781.54
8396.59
7539.58
3569.26
3832.14
7232.25
514.48
2572.10
5076.61
3159.12
8274.64
7949.73
1831.36
1463.83
4176.92
8653.03
1150.35
2854.30
1750.91
3949.00
4709.85
2121.18
4267.50
8473.00
7947.35
1288.51
1526.19
7104.15
5366.89
3217.48
9812.64
7148.43
1614.08
7352.22
717.69
5446.22
4584.47
1232.18
8018.32
9661.09
4391.30
6292.96
7610.81
6222.66
7756.79
1787.73
4875.69
8907.14
4642.03
6626.59
2856.14
9351.88
8747.77
7123.64
7824.88
6695.12
8412.16
9351.08
3799.26
3779.04
2568.56
3611.90
927.48
4182.63
964.12
1645.17
9628.86
5548.60
2877.35
7647.18
5209.68
7268.65
3940.13
2820.50
3491.31
1696.92
4608.23
8366.99
604.06
9250.26
4993.59
3460.20
8602.15
3741.36
583.85
6427.03
436.48
8996.00
5778.11
4235.74
2775.05
8346.66
7847.64
3702.53
2529.30
8811.77
5347.70
2158.15
4360.36
8225.04
9805.33
9570.05
5493.69
3745.47
2390.54
8985.00
5442.39
6998.78
7351.99
6046.45
6249.04
2345.58
9506.66
4851.19
6086.93
90.51
1278.22
6523.41
9086.51
7056.32
759.15
1861.56
5402.98
8606.79
5564.08
7932.28
7418.56
911.78
90.44
1778.92
9136.82
9895.77
1348.97
4630.52
3641.23
3739.51
3615.51
9083.62
738.29
967.50
5130.08
6987.32
3313.08
4636.73
1838.51
9400.01
4727.24
3116.72
5923.42
3813.75
173.05
6682.57
5675.30
5576.03
5289.37
1239.38
3508.31
2707.93
2151.16
3598.75
4486.85
1287.99
3494.52
5835.81
5918.50
7135.76
9575.32
9534.01
6219.38
313.61
501.52
1349.46
7300.93
3814.60
5986.19
9139.44
3214.61
713.43
2256.16
9138.04
4527.18
2429.21
5820.61
202.48
8005.24
1109.98
1441.87
1513.55
3817.91
3593.03
5112.30
8304.75
4881.02
8606.83
4140.56
799.52
5742.58
3715.89
333.53
1961.96
4029.49
835.05
3311.42
1330.42
4649.65
9297.61
469.86
7864.27
11.05
2726.02
7002.31
4538.23
5155.23
2822.92
4740.71
3160.47
3932.90
6182.58
4674.03
7750.81
9775.61
9786.33
6055.56
4656.63
8393.16
196.13
5456.15
4135.74
3912.01
5789.68
6097.70
7941.51
6624.73
9409.12
9271.93
1274.39
8706.74
9741.79
9138.66
8717.78
2467.81
6140.96
3256.01
7623.05
8963.89
7996.72
783.52
2896.79
4179.30
5457.55
647.60
3954.91
5243.88
6703.16
8611.54
3637.04
6899.29
4067.68
7772.78
811.31
9857.36
3870.48
8752.81
6482.10
3279.60
8024.74
7756.48
1986.34
7766.52
6895.14
704.12
234.33
3036.10
3960.13
7857.38
1999.99
1956.85
8640.90
4896.78
6136.15
4098.45
5544.38
91.05
9342.33
2247.54
8702.59
2979.36
9146.83
2770.27
752.14
9958.14
2627.63
4622.62
8710.95
9109.73
7902.23
6735.69
6866.21
9888.57
4502.21
3761.35
592.69
4736.54
6797.45
4552.82
2593.92
8797.44
6509.67
1234.82
3694.22
2645.81
5333.27
9238.59
2736.86
4675.60
1486.13
1439.45
7654.96
632.96
4209.72
8407.10
591.10
6837.35
3029.72
9302.05
5947.08
931.95
6037.74
2813.29
820.52
539.94
6574.64
1413.21
5276.49
3372.09
5966.03
7870.41
2169.53
2475.70
9105.23
5863.75
5121.51
4438.50
5102.34
7858.37
9114.10
6588.47
9297.83
6769.06
7221.44
3507.54
5176.16
7812.54
344.90
8205.88
7114.59
6291.97
9137.83
3152.33
9105.27
9958.35
3692.27
5679.91
1371.55
8968.76
9052.00
7337.58
6839.17
1221.54
9813.28
5944.40
7085.29
4934.78
382.90
2187.63
2793.16
9497.00
8776.10
2090.98
6266.06
5997.54
5598.53
1442.22
3810.08
5943.42
9648.11
924.67
2235.40
8785.94
4077.00
1340.67
8744.29
7769.27
7020.57
115.84
6738.02
6072.58
7453.43
3577.19
7294.11
7266.70
9521.59
4379.40
2201.49
9904.49
6567.03
4994.65
9401.50
5343.13
7085.63
5667.56
1340.67
2684.16
7109.79
5150.75
8627.58
6757.90
6075.42
862.98
5543.84
152.42
2203.65
4288.13
7921.68
9224.22
4403.97
4659.70
5296.80
1857.40
8236.89
2590.91
9124.10
7758.48
6970.31
1325.59
7662.97
3537.34
6320.23
7064.47
8880.47
3405.86
2732.03
221.14
6090.02
9841.82
5371.89
4717.60
6599.71
1447.31
5580.58
2143.55
1599.72
7784.23
6431.68
9521.41
7008.45
835.65
4181.11
2305.25
2693.05
2418.00
4896.16
1817.15
176.48
1866.47
3142.74
7839.45
5403.81
9462.97
4903.92
4284.28
2868.83
7635.95
4505.42
8958.85
7477.77
9877.31
3676.45
4077.49
1324.62
9257.04
6221.04
2924.34
7041.27
2652.72
2445.75
4049.72
3488.37
6626.85
6354.98
6181.42
9044.85
1251.14
7998.57
9221.33
3117.61
1141.31
7060.78
8521.42
604.28
1964.70
2805.70
3473.11
9600.66
7311.12
2431.96
7078.43
7188.43
6108.42
1155.92
8513.05
5365.45
7376.96
1437.39
2406.72
29.68
3883.14
6456.44
3518.05
509.99
2811.42
9699.48
9554.84
4062.56
7698.05
8776.17
7180.17
8839.36
5836.95
5701.59
9443.65
7801.66
8507.30
2916.76
7402.32
5818.42
5348.73
4480.75
3006.85
1457.14
5636.67
1519.90
6822.60
3013.63
2957.29
9229.32
3043.31
6840.43
5685.76
6561.37
7350.42
8497.18
6260.84
6905.27
2559.74
3958.90
5681.44
9739.91
2798.26
1518.40
5441.50
2241.91
9320.05
3948.80
5158.67
6722.37
9767.23
507.40
1203.12
2774.08
1964.54
6839.79
4293.98
8787.13
9853.41
7251.28
8016.45
2896.73
4091.71
3702.21
9458.09
1442.13
2199.39
5718.94
8347.40
4759.13
9677.83
4028.84
4499.04
2476.09
5547.24
9940.54
4718.00
4867.29
3889.34
9876.67
1589.66
3656.57
384.07
2792.78
6430.65
2348.61
9632.57
724.63
1135.74
9485.98
7975.91
9152.19
2382.71
2067.62
2854.40
1840.80
3509.75
5053.79
7559.73
1857.16
9812.92
7237.57
5886.00
4311.95
9713.66
1433.24
4252.49
4431.66
6300.53
8141.83
4308.34
7890.20
1798.40
4692.41
682.98
8229.04
7041.02
315.55
8953.67
8176.76
9801.53
6929.58
7328.95
2184.23
8997.20
183.35
4025.03
2506.96
5237.15
1584.77
4364.12
5050.06
8822.33
250.12
9362.02
8536.00
1683.36
3614.51
2967.66
7983.89
1756.34
7276.00
5874.09
3554.74
1968.41
6557.07
1783.78
9009.42
6872.62
737.46
7186.18
6674.14
7667.04
4515.14
8858.38
6664.24
4698.49
2883.41
9171.20
9935.64
4468.18
3535.32
4985.70
3290.51
3785.43
4347.72
1826.51
5468.79
7962.23
4794.17
3452.68
9718.57
2070.17
9326.77
3273.31
4038.58
5883.84
5057.10
3048.00
2756.46
5794.55
234.19
9430.60
3461.59
4749.32
8288.98
125.84
9447.81
1172.39
9297.04
9383.45
5640.56
2832.36
4369.15
8931.08
6617.79
8716.87
757.58
2086.58
6679.10
5551.75
5539.27
6397.67
7621.92
4866.04
9670.98
1660.50
749.88
4728.08
4708.50
3506.33
522.63
4942.69
2936.93
3984.22
9692.01
1225.91
4110.06
9139.82
2398.29
3407.10
8523.27
8038.86
6239.46
2892.42
6969.93
2857.26
1609.29
7727.52
4943.84
8288.38
3279.27
483.11
4686.05
901.19
5349.14
4357.04
2561.69
6099.02
9085.11
7270.20
9605.36
9607.74
2212.88
2542.29
3591.97
1904.90
3768.20
7702.03
1044.72
6166.49
1109.14
9567.99
4205.35
7348.60
2460.41
1175.28
205.86
4069.70
8902.80
5149.70
2358.08
2182.06
5632.81
7044.14
3083.26
981.95
1401.17
5644.95
7080.97
486.29
2915.15
6686.33
94.03
5128.03
9228.61
3686.00
7032.93
2996.81
1388.03
8077.65
9163.30
2497.17
7645.63
3368.65
9845.77
106.04
4543.93
51.63
4175.74
3446.73
5201.33
6533.82
5628.79
834.13
3577.96
8712.05
1816.08
4979.13
4357.00
8897.05
5465.41
7272.15
5583.38
5559.44
2400.18
4811.99
9245.44
9433.10
7808.80
633.48
7510.75
6972.11
3130.64
5156.38
340.76
2976.41
5262.43
4884.69
3028.04
9438.17
8331.42
8229.37
5971.99
3960.21
9063.50
9549.95
2672.26
879.58
4529.08
7029.26
9776.64
9994.49
4301.41
5360.01
5553.94
6701.59
172.01
4799.38
6134.69
7980.81
5432.85
3645.44
4952.92
8563.50
8801.83
5293.68
1539.91
4064.25
178.37
4567.96
3502.42
8509.79
2797.33
9474.41
2470.00
1860.83
9024.36
5142.26
2740.41
3553.44
2171.52
2517.05
3547.93
6472.93
7877.06
9101.86
3174.52
8049.07
3901.24
9309.21
6029.88
9334.09
2954.65
982.80
7897.59
1756.48
6276.47
9437.51
5820.73
6454.84
4005.46
9323.15
4964.62
6802.79
8797.57
7434.62
8663.62
7821.93
2576.88
1404.03
1375.36
4748.40
3921.08
4923.29
1221.33
1798.15
4025.15
4395.85
9847.21
7926.39
3705.07
5877.09
7260.49
6659.72
6859.89
5158.08
8416.20
3136.36
4595.58
4236.93
9591.20
8601.05
3560.08
4555.82
5403.83
2357.65
1990.44
4067.45
179.58
4567.32
5471.48
1554.94
9315.72
9392.56
6478.23
537.06
1190.71
503.38
4932.91
1037.92
8429.77
8637.98
6915.02
5690.26
5297.70
3774.91
848.34
3713.90
6911.27
5443.92
7950.82
6502.47
4044.97
1510.91
1058.29
9448.80
3868.56
3048.73
3516.25
4048.14
7616.05
8987.74
5603.08
6931.78
8380.30
2081.31
7468.84
9571.01
2584.69
2401.75
608.94
1014.46
1039.73
7523.95
6704.72
6337.43
1298.86
7553.06
51.32
8210.13
2996.98
8002.15
4712.59
7041.95
9513.06
5770.88
6490.75
3381.62
8819.61
7.00
7429.75
6435.66
8994.74
3032.83
3367.44
7375.04
5114.14
836.28
6946.05
7698.83
3238.03
7554.98
8713.29
4277.75
5078.94
5418.01
615.18
6377.80
2971.06
666.50
4587.93
5968.04
8668.65
9300.52
3009.99
8181.71
5071.40
9500.73
1563.32
3891.02
9507.73
8993.07
326.68
8502.47
2025.90
3694.12
5877.51
7140.04
4530.40
2823.56
4838.87
7768.42
378.54
3552.15
2046.18
5457.48
8970.16
2661.36
1835.28
1941.22
3327.86
6423.20
7909.26
1996.51
5723.72
919.25
178.22
795.13
419.98
1741.54
4686.14
9927.71
734.62
5012.82
8430.18
2760.52
8706.94
4307.69
9900.56
3237.34
7131.24
4739.43
1005.76
7509.78
8291.58
3051.94
2967.26
7261.73
5713.30
4802.54
9202.95
9041.16
1225.74
7112.21
1037.68
6949.46
8031.46
1215.90
7744.59
8451.44
2957.44
2430.73
8379.15
3692.06
7443.56
6809.33
6452.58
6150.50
1117.02
6353.14
9387.84
8248.26
1092.57
393.60
5758.04
9384.14
3445.54
8725.30
6645.88
9158.84
3527.84
5848.83
8200.00
4753.58
2961.05
9237.68
1703.04
992.51
453.58
9447.63
9443.94
3411.02
1878.37
7823.09
7103.08
9321.92
4632.42
3555.66
5472.42
5749.44
9908.80
4860.26
3997.70
1001.36
5253.86
9755.74
385.51
8699.40
8481.04
7031.38
7858.24
2008.88
2880.22
6058.25
6762.46
5841.26
5295.93
8465.50
6833.77
5749.51
7913.13
6277.71
9160.54
9791.49
4100.81
6263.62
9113.41
8733.23
9819.27
4585.83
4482.67
9728.07
9446.09
8480.37
729.43
4699.95
8236.11
1114.94
3399.34
6717.15
8146.32
1257.59
8726.02
1026.54
7315.83
5488.48
6867.80
2611.76
3953.97
3701.57
8361.27
1867.10
9979.28
7521.81
1658.59
4080.09
3785.42
772.01
2813.32
3604.70
5357.84
7295.99
3332.77
4803.93
5776.35
4062.20
9503.87
4012.46
5177.14
2903.22
729.60
3323.47
4160.80
9455.63
4350.01
1476.63
4944.11
1217.81
4088.40
8898.08
4919.38
2449.67
765.18
4898.66
9971.47
2423.77
8978.75
3756.90
3195.78
1792.06
7361.59
8553.62
9088.05
694.36
3357.55
4864.40
4756.56
2861.42
8876.86
9933.71
5764.64
9606.47
3257.18
9925.44
9062.09
7607.19
1402.08
4006.20
8825.00
5490.47
2904.28
3744.37
7940.14
3669.46
8643.03
7911.61
6093.24
7621.78
1668.51
9289.02
9413.85
9030.10
7842.64
8501.90
9724.46
1200.18
3366.30
4481.02
4061.61
2243.16
4414.73
9826.25
1849.63
7671.91
9751.69
911.72
5279.09
1153.77
4917.92
4104.09
6644.24
7822.20
7848.46
4584.39
1491.66
6491.50
2496.00
7584.90
4113.28
4164.51
6873.91
3527.12
3194.61
4716.55
2029.02
2919.07
5916.73
5395.32
7400.09
9978.34
7638.48
1814.83
9804.59
9488.11
9486.73
9556.28
399.83
4765.82
710.05
5317.75
8869.91
7354.29
3139.96
6718.37
1938.68
4631.62
3209.87
4434.68
2216.52
7323.15
8599.19
9090.43
850.27
1793.80
3806.98
2879.29
4712.87
9723.72
8274.61
2112.97
9702.06
5913.09
3927.79
9506.64
5401.20
3414.53
9062.92
5801.03
8180.35
9772.97
1118.79
7050.26
7127.26
4258.74
3768.63
9065.94
8890.36
6978.50
3500.62
1106.88
4301.65
2099.81
197.31
5151.92
3893.61
4004.29
8031.21
8606.48
3728.01
6305.82
719.45
3430.06
2218.91
4647.24
2936.71
7620.12
8061.77
1999.63
3421.15
6242.12
1772.59
4539.94
3292.38
8899.86
8798.68
7061.01
7965.79
7689.04
4039.52
1466.41
8795.92
8341.17
3566.22
8993.23
3493.09
7459.83
2997.52
1524.30
6066.31
6725.53
7830.12
6785.76
155.59
49.03
1433.00
3092.30
7669.15
9494.77
5091.92
1090.30
5736.89
6864.52
5630.24
9029.27
5764.37
4428.92
6090.28
3730.17
2117.97
129.80
5196.58
913.89
8470.96
8762.80
9907.12
1964.05
6222.63
2904.65
3488.35
2288.95
9630.17
1318.46
9074.71
9785.77
1367.50
507.71
2878.06
9036.64
2.49
7969.99
126.94
5739.38
4834.51
5757.18
4768.64
598.88
186.11
858.92
4329.05
2304.08
988.72
9525.63
3217.97
9459.68
8288.43
3125.09
1423.73
4511.07
6029.74
4912.07
6800.02
5659.91
6230.54
5874.73
5445.68
7598.03
6382.44
8323.74
6634.68
6384.93
6293.73
6761.62
2124.30
1128.24
2518.81
6892.94
1727.12
2704.91
7751.86
6056.17
5008.99
8740.58
5581.80
8226.96
8200.26
3870.24
1352.05
9623.99
8381.31
7381.79
4536.06
5181.33
3041.71
766.60
1056.05
8487.39
8364.63
7438.49
6811.13
4999.31
3823.42
3104.86
1760.93
5947.73
4233.10
4279.74
2840.67
5960.22
6984.65
592.53
2016.39
1993.64
9333.12
7598.20
220.60
7533.38
1468.43
1572.66
7157.37
9849.74
8954.45
1693.43
5031.07
1996.16
2460.03
6087.12
483.54
824.66
3525.61
7294.67
5823.96
7349.04
399.53
7584.90
3296.76
4632.63
1864.63
6137.43
592.85
8849.29
6729.96
2609.24
842.93
6063.08
207.44
1063.53
3596.46
1675.87
2636.19
753.82
1525.61
1590.64
2447.25
6556.68
3586.80
4907.27
2643.80
4070.34
5731.93
6169.41
1365.01
1555.89
3518.45
1764.54
9140.79
6815.21
6397.16
1005.42
2952.64
6990.02
9854.71
9682.61
9599.26
697.64
5745.69
9806.70
1761.17
9342.14
1482.57
4397.36
95.97
3008.18
5988.00
2543.21
9564.87
9574.80
7450.49
2208.67
3645.14
3182.42
8378.08
5010.14
4738.31
1896.53
6774.68
3879.10
8711.74
3171.84
4884.53
1664.39
161.86
4739.23
1346.99
9761.11
5436.87
7092.68
9567.81
7198.04
6434.83
1050.38
1595.41
6530.79
4058.56
7583.41
9074.00
3623.43
7158.21
6524.49
5832.09
803.34
9706.91
4210.17
5813.48
4445.22
6106.70
2588.16
8324.32
4818.45
5760.00
3208.85
6482.83
5921.86
7948.08
7829.83
5682.97
3384.96
4922.51
5250.78
583.00
1357.33
6301.15
2178.41
7888.12
359.71
9761.82
6962.13
3983.14
6920.03
3486.62
9815.23
7723.37
3193.53
4025.40
3536.85
7638.75
132.11
6125.02
5963.07
4950.56
1885.02
9171.92
1433.39
7806.87
7120.01
9263.22
3489.84
504.96
4185.73
8740.62
1087.96
5543.06
5041.77
3266.37
3431.19
5401.49
3028.19
393.32
9384.63
9948.21
3879.94
9199.86
7671.58
7073.47
3225.27
1208.44
4712.22
3357.37
7333.45
675.29
8307.93
9218.47
9847.21
9741.32
7025.34
6967.22
9004.54
515.19
7472.18
3190.26
9255.81
8560.14
8733.33
4297.58
1826.51
2164.51
9699.07
4854.70
2557.83
9083.70
4802.91
6437.76
8283.56
2474.49
3511.23
1508.83
3682.93
8223.45
4866.20
1016.38
8898.74
3174.13
234.85
8745.95
2915.46
7260.20
5713.16
1919.99
7775.38
3185.34
5110.26
7031.19
1745.48
3843.58
1328.77
3571.99
6008.09
1027.84
8426.69
8565.92
111.54
3229.60
5003.69
8395.11
5704.10
8514.92
9903.94
9387.03
6738.36
4770.14
403.42
5637.10
7944.27
638.27
4383.05
859.73
7898.46
96.21
2779.72
5673.85
3281.55
7889.98
2705.03
5027.04
1733.56
4033.80
8599.03
7741.66
5061.64
7025.73
6307.58
5173.18
255.33
1311.27
3568.29
5959.43
9826.18
3472.23
5346.46
6564.54
8242.37
5749.88
2201.64
6186.64
6388.15
6584.69
7046.37
4286.61
6680.90
9826.09
9960.46
9962.46
7716.07
2665.49
4989.50
9449.64
6699.29
3588.53
7191.30
1760.94
614.25
3498.88
6934.12
869.58
4810.14
502.41
6829.02
4636.32
3974.63
2175.48
1200.87
2217.00
7925.36
3402.51
8403.64
4313.50
9987.21
5450.01
8600.12
6668.11
5276.10
8560.57
6630.57
2992.18
1226.06
1620.06
2441.81
7925.36
5208.59
9633.11
9686.29
5822.85
3131.99
6620.41
6692.43
7942.13
7122.82
3521.45
2578.45
1097.46
5696.92
3779.32
3314.46
3622.28
7181.84
1718.10
7935.78
7169.04
7168.10
6535.90
3837.15
2444.21
5096.47
467.72
5436.38
6322.53
2087.79
7878.19
4247.89
7296.38
7511.30
3934.18
3119.22
643.29
554.59
9811.66
8585.42
7677.41
3333.10
1163.87
8774.87
9030.02
4943.19
2089.32
2652.30
2125.03
3807.42
588.08
9294.07
975.52
7123.98
3131.23
3419.73
2220.45
3598.95
8856.11
8542.98
5686.73
6734.31
2790.87
2983.11
4245.61
6725.05
6102.34
4888.90
7279.65
5913.99
3474.31
4957.06
9247.09
4638.18
3731.93
8277.12
9581.38
5821.25
929.42
1706.40
9628.67
1517.50
1000.48
604.19
8641.48
4131.70
4023.92
861.93
7730.65
2880.04
9404.91
3417.38
9614.34
2195.78
6400.49
3859.95
8920.83
2502.83
8748.85
6200.48
8416.82
2223.16
1157.54
7663.91
6861.35
4889.46
5941.03
6442.72
710.72
6870.44
8149.12
339.39
8387.94
9149.60
943.58
7029.42
3281.30
4967.51
7891.35
1011.95
7847.54
7296.25
4429.34
7461.88
9492.03
829.83
1321.84
8412.86
3332.66
70.68
4613.34
1749.47
2293.85
5770.87
9413.39
9155.19
660.34
5354.41
5597.91
1371.05
2224.85
3747.04
1710.44
612.80
2896.64
2654.02
7642.22
6177.94
7621.53
5533.56
7189.90
5469.07
2829.82
1619.23
2930.95
2321.85
2449.06
4252.79
734.71
5781.72
4323.47
5348.05
7531.19
6617.32
1118.92
6944.58
5772.51
1779.26
2298.99
1370.42
3150.31
4523.84
5117.46
4860.75
5136.64
8014.10
7514.78
2778.85
4192.04
5136.30
8312.42
1381.94
605.37
1142.23
3001.17
3536.33
3464.08
5450.23
7789.11
4198.79
1231.95
2112.59
9546.83
8763.14
8729.91
665.75
5707.72
4502.42
2445.01
8006.71
5872.84
5595.33
2530.55
990.31
456.08
7667.19
9004.41
7970.86
446.04
3196.45
3107.16
8758.46
4578.39
3712.53
9900.68
7579.57
7248.86
3364.76
3029.80
5037.97
7563.55
4261.75
7150.56
7110.38
3024.90
5880.47
7776.13
8732.62
382.89
221.15
6739.32
6255.74
5816.47
9269.88
7246.04
6272.56
6937.06
6250.45
4243.41
7383.10
9446.90
7350.57
6141.56
4025.29
1063.11
6042.24
1604.86
8311.97
9407.00
4634.66
3349.94
6970.55
8896.41
500.51
4080.93
1921.31
6380.98
1857.07
653.93
6763.87
2078.21
7393.25
3019.61
7894.69
6663.13
265.65
4167.24
3600.19
6516.10
8410.65
983.29
5963.00
5761.23
7124.85
9988.29
6824.34
3167.09
1593.15
5136.30
2574.09
6227.81
8486.25
9544.64
5124.22
8986.75
3625.57
7045.53
5367.73
5482.64
7699.46
2131.60
7560.85
5092.71
5151.20
5455.54
1755.84
5416.85
9622.78
5356.03
1932.95
8033.43
6339.32
7895.94
3794.66
3464.17
7884.23
618.99
6631.25
9477.38
5755.30
9205.34
5705.19
4241.54
8749.99
829.41
3228.29
2375.56
7874.95
8596.02
7858.20
5574.41
727.62
5419.05
667.12
5878.82
874.59
2422.96
1295.67
497.36
7778.99
3228.62
8530.79
4118.31
1124.56
2325.45
7582.48
9008.79
2944.45
4213.73
8486.17
8699.75
3419.08
4191.36
2941.29
2169.07
5020.78
6169.58
4544.63
2895.73
4765.60
2402.82
8470.14
5493.22
7821.87
9137.26
1372.04
8696.46
1560.22
2667.72
9193.83
9339.22
5896.33
7724.62
3457.53
7020.89
50.07
1040.01
6029.69
2994.52
5253.75
4515.86
1694.27
8672.83
8707.22
4635.55
841.89
3728.00
805.14
5386.52
6623.73
5570.74
7789.35
5093.87
1063.96
5611.22
4231.13
2436.01
4307.68
5791.35
5103.72
3501.51
5130.57
1000.05
1226.13
8588.10
8020.95
1276.20
9628.12
4050.63
4270.72
4881.87
8566.49
5964.99
3554.70
7273.72
600.54
4396.59
1001.72
1405.67
9783.11
7625.45
6976.41
7572.46
2719.32
8040.37
3183.68
6950.44
476.38
7491.36
2741.79
5580.10
992.87
7872.37
6580.15
2218.99
6460.47
4601.10
3495.19
6088.59
8651.73
7765.91
970.46
7218.23
3730.90
4525.16
4491.94
4331.44
8921.75
5493.66
5737.11
8704.86
3119.11
2713.52
6277.32
5838.43
753.90
9461.00
2788.87
1230.28
6952.36
5530.67
6810.38
7945.22
3403.03
3390.53
164.21
9863.50
7991.63
3659.40
5952.09
6643.36
1425.31
6922.55
3861.59
5156.21
1447.71
8353.53
9487.64
369.46
3847.20
5224.75
9074.32
6966.31
7938.28
5351.64
2804.74
8692.17
4812.64
5593.61
9922.45
1764.99
1124.28
6732.83
9710.21
4527.31
123.35
9874.43
4390.81
8114.98
3533.83
342.91
4758.35
4959.14
7265.46
8619.94
115.35
8713.17
6973.47
9603.00
9082.62
820.66
4827.75
8156.94
7786.97
2766.03
3508.58
591.71
1458.20
8321.22
6185.33
1380.65
86.21
7309.60
8113.47
9796.43
1836.92
8236.83
9670.85
6227.73
6351.81
3204.68
6570.63
1110.16
8163.83
3836.09
9730.10
8279.18
2549.26
6703.56
7882.18
1631.88
7524.23
2709.93
9788.83
5311.20
5475.96
3297.41
5902.91
6934.16
1618.63
2088.24
8314.81
1704.85
9397.84
6428.28
1501.27
1234.76
4665.11
1172.13
7462.49
1016.93
4376.81
4033.12
2127.09
2540.64
7869.21
1857.18
819.82
418.47
8560.75
8702.00
2050.35
6084.97
1411.94
1839.18
1396.17
6887.90
5136.59
7299.09
3822.06
6755.22
9387.33
2136.87
8460.07
8785.17
8565.15
9961.34
19.93
3230.26
1133.47
7482.42
4247.19
5510.28
1515.54
6374.28
8050.92
9384.76
8231.46
8870.74
9803.23
6792.21
7572.75
1853.58
2877.18
8984.68
3692.76
4273.36
5872.58
8829.36
1572.45
9694.63
5584.58
959.77
1831.50
4044.65
9744.94
396.65
4005.99
9764.87
3626.91
5139.46
7247.29
7874.11
649.74
8762.83
4248.39
8700.66
8147.59
2479.85
7571.40
7950.82
9272.06
5144.15
9804.40
2149.24
4128.83
3497.16
6422.60
1.41
2326.52
7995.05
9696.04
7911.10
8954.82
1527.54
1955.74
8699.76
1924.19
5961.73
8464.63
5551.10
1101.19
5711.92
3425.21
1750.93
4474.76
7673.59
451.59
2622.35
153.44
8022.99
573.16
9425.50
3167.13
377.56
1574.75
7295.96
3874.73
7997.35
7297.37
6201.24
5992.40
6993.41
4112.34
4947.21
8520.95
6068.08
3646.98
445.14
2029.82
2111.61
5996.24
3131.01
7823.53
9421.45
4881.94
2298.29
7095.04
5333.52
4920.64
7248.48
3356.51
5493.80
6673.99
6523.64
5871.37
8248.73
3819.60
9746.09
6246.08
1116.97
5947.34
2238.48
8110.38
59.68
7185.69
6631.33
6127.76
832.67
7076.46
8157.58
2944.28
3072.70
1288.58
767.81
2494.15
6170.52
3066.10
9589.19
1504.04
7986.74
6837.67
4860.54
3480.54
3511.66
1384.18
9351.91
1760.39
5203.78
9098.00
8006.47
6320.75
5045.34
244.95
4431.13
5105.02
7430.64
1062.45
1232.78
8263.31
8138.91
9390.35
1207.59
1211.62
678.93
1975.40
3705.76
6849.45
5041.50
3294.95
8353.49
3028.24
132.62
3214.03
6508.78
3644.28
4598.22
5860.69
5404.67
9802.00
4958.70
3411.13
6122.75
4.04
3656.08
553.87
5109.06
1086.72
1616.32
6341.84
9350.03
9755.24
5732.19
557.62
966.85
6411.12
2533.01
4672.62
3260.57
7574.51
7967.57
1614.06
602.75
8100.19
4828.09
7111.53
1744.47
9426.31
2972.22
7149.13
9228.31
7930.92
560.27
5351.05
7934.96
4216.35
5904.92
3044.02
5303.07
7521.24
9385.86
4653.10
7276.48
5118.04
5210.72
8243.33
1529.16
7743.73
2915.95
4789.73
5318.24
883.52
6403.79
5920.98
8983.71
1231.89
3032.51
728.17
658.20
6004.73
7877.31
9886.50
3935.65
8437.58
5237.55
1870.61
2653.93
1142.48
4914.64
7957.00
8663.72
4300.49
2610.11
5940.20
9418.53
7820.82
4183.53
947.70
5564.55
7099.48
5737.43
882.79
7982.99
2141.23
6803.77
6966.70
3373.11
9836.29
7694.87
4031.31
5841.02
5572.18
3917.81
9776.67
4009.76
9155.37
1647.28
6663.69
297.84
6561.92
4620.69
8961.56
862.41
7230.80
4901.76
280.95
5051.62
9085.29
1228.64
616.17
6184.77
6966.08
1498.97
4167.76
9107.30
8302.74
1134.46
2480.41
8139.02
8829.33
6511.72
3980.04
4401.52
429.54
3756.71
8411.28
9584.90
5404.00
5074.97
9882.75
1965.92
9695.66
8844.31
2828.33
6926.45
3746.07
3109.27
1978.07
2831.37
4337.92
2594.25
9016.14
1303.99
4093.21
3183.90
411.30
2395.95
4318.36
2891.71
534.98
3147.70
9403.43
4515.02
7549.22
9832.97
8271.73
5960.49
9417.87
3675.73
1035.46
9300.62
5641.64
731.12
8144.93
8469.97
7657.57
1891.01
1579.25
9635.65
4722.37
5917.17
2229.90
3738.51
7221.16
6323.11
6922.41
7632.46
8719.07
1240.78
524.17
9254.05
4388.48
9927.60
3769.07
1937.70
9760.57
2040.80
7898.19
9178.44
5716.53
8933.65
8479.07
1358.17
9664.77
6624.00
9828.14
7322.34
8515.00
1407.39
6957.99
3237.38
7324.55
9187.88
6975.89
4545.71
5511.00
3898.30
2178.17
4230.06
5139.08
2702.33
3484.11
9527.56
2629.93
7253.17
1465.26
2390.50
9293.97
9363.45
1568.95
5010.50
8297.10
48.01
6368.67
7961.87
6672.01
6196.81
5284.21
5187.01
7604.20
2242.19
8424.39
4928.75
1430.08
5400.28
9474.46
6941.08
9298.58
1652.63
1171.14
4437.67
4354.96
4655.25
3965.23
6984.90
1908.42
5430.48
9375.40
1202.40
4793.93
944.34
6212.90
3091.02
992.36
2581.56
1052.89
7664.37
8778.38
6337.10
2851.38
6382.57
8579.29
1275.77
1311.32
9.37
6676.05
785.79
6950.45
5974.64
2438.41
8121.59
412.30
6793.38
2776.84
4377.53
3778.27
4685.26
9808.01
3153.67
5887.65
4601.94
4098.02
2100.55
7692.96
5090.37
4682.11
8745.85
2754.74
3460.49
5082.95
5606.12
9843.06
3662.24
6881.90
1154.38
3671.61
3557.95
1940.17
622.06
9532.59
4378.58
8743.65
9944.89
1171.96
1520.48
4322.42
4950.24
6205.74
4130.43
8103.91
2093.40
8732.37
2201.92
4193.94
6425.33
7292.30
8876.06
5171.18
47.04
2336.55
254.13
5653.16
2179.61
3916.37
2535.06
3333.99
7587.99
6093.01
5274.16
8210.05
5625.60
9652.74
6953.70
5570.49
824.70
8474.18
9892.91
5774.94
4679.92
4023.34
3878.85
6773.32
2755.71
6080.77
967.26
9181.04
3373.07
9843.32
4352.22
3420.10
2179.86
4606.35
9073.26
4359.47
8522.73
1608.32
7693.46
6110.71
7701.33
2967.62
4320.76
3326.93
2620.36
1274.46
8897.42
3445.07
9748.64
8790.33
9220.01
4428.56
2813.67
3098.85
1201.88
5569.38
9179.62
2169.14
4750.41
2552.69
2012.45
9102.63
5972.79
4192.32
3708.99
5046.05
8551.79
2231.72
6654.38
6245.25
8342.43
4355.71
9212.87
2663.19
7682.65
1833.23
3937.65
6580.07
5278.29
3686.29
5370.40
4498.30
8114.85
8184.08
7597.15
9316.72
3753.46
6776.77
1485.86
8503.87
9329.46
3498.31
7606.50
5302.25
7690.63
1315.49
348.31
6242.42
3547.21
7002.68
2487.66
1889.64
1358.40
1700.53
4552.83
9041.04
3533.76
8490.48
5621.12
8812.05
2176.76
991.52
3310.35
291.61
9175.60
907.51
9608.33
2929.05
7684.28
1094.19
1432.92
7013.74
4592.50
9039.43
2315.99
2283.13
354.92
2664.30
8525.54
3902.13
9666.98
1013.21
5791.76
1025.38
2713.74
344.59
66.42
6247.49
8835.07
5687.54
5059.54
1011.83
6679.06
8369.90
1303.44
5854.66
9277.40
911.77
8783.71
6961.68
2005.96
216.63
3975.43
6598.45
9256.06
6291.42
8881.58
9610.98
8955.72
7407.12
3513.10
8622.70
8420.33
9304.87
9648.08
1134.06
9649.46
9714.51
7381.56
8484.52
5402.04
2441.10
9496.35
2081.10
811.00
799.79
7935.76
88.40
1711.56
6719.47
7050.09
3717.52
6936.10
1025.52
315.97
6192.16
7316.94
9197.55
5803.14
6272.65
6604.67
9316.24
4895.36
5025.00
8621.11
4543.44
6159.07
8270.56
4257.94
3540.63
6755.09
9659.99
5981.73
6251.44
1741.09
6792.73
7051.23
9676.85
6881.13
8762.79
6396.33
3931.22
2480.31
3332.43
4956.74
2796.28
9524.59
2273.67
1993.83
5327.73
8546.33
8598.51
4643.98
3441.68
3623.51
3265.08
7985.12
9782.58
1535.65
2243.06
3323.20
8290.74
1903.05
9304.93
4542.17
3644.14
6097.66
1593.41
3321.00
2978.79
356.20
9717.32
6910.01
2836.51
3049.75
1866.75
5632.79
2574.34
4140.42
7626.62
7902.07
2686.75
6225.13
2546.05
6128.43
9848.64
5811.13
4113.55
9631.22
7346.78
6356.61
2954.43
5637.51
8259.66
2259.36
179.69
1903.81
8357.02
1773.09
5224.80
1335.81
2129.29
4942.12
8245.83
4965.80
7991.87
112.58
598.60
566.21
4253.00
8225.22
8468.29
6939.75
4450.35
1014.33
3068.18
4299.00
6825.47
7181.73
3930.22
4172.25
3538.34
6884.65
9809.76
1798.00
9144.00
9989.45
3701.81
7501.02
1762.54
8926.61
8836.83
3891.84
3868.73
7082.66
8857.64
1860.60
7195.24
9456.24
2426.82
1448.24
7681.46
895.11
8387.98
2131.81
1909.44
1456.16
6430.81
8734.91
8637.89
361.03
2907.15
2176.22
7245.67
2716.91
3974.23
6389.68
2706.36
7676.03
3890.70
4468.90
6602.64
2727.53
8360.74
471.38
9810.19
7218.38
2331.98
7005.43
6674.62
4758.80
8453.66
4356.08
5653.90
6841.65
6487.89
7563.35
8297.80
2918.70
6298.25
6935.69
3279.73
9205.40
9111.92
525.40
1922.32
3086.14
6915.08
4628.68
762.18
805.77
9097.58
7364.82
3533.31
7458.33
7836.20
3343.50
4676.71
168.18
348.93
1351.33
4926.97
8802.59
5707.41
580.88
5644.24
2195.30
8144.23
3942.04
5114.01
4442.48
877.73
8393.73
3647.88
9989.65
8919.14
5570.20
3075.79
5834.21
198.88
3837.97
6639.99
9296.46
1202.79
173.29
6754.79
9038.98
3516.79
1431.49
9207.16
3865.72
2782.82
4134.13
2668.31
8490.24
4715.01
8312.55
685.54
2859.24
2254.59
5799.55
7301.71
3132.32
4193.28
949.60
3121.97
3112.42
6519.80
6197.76
8946.63
6718.67
35.72
5586.61
6015.13
1238.51
5759.90
2769.92
277.49
9276.70
4201.41
9484.65
3142.42
6984.24
3618.78
5810.73
5474.47
8333.79
4123.27
6160.01
1193.03
6377.87
1959.56
8494.74
9510.19
6152.84
9444.34
2632.16
9265.25
5964.13
8829.91
8211.88
2682.81
8865.64
3798.49
8697.94
104.14
9558.40
1467.86
381.63
8835.09
5669.27
9866.28
1977.51
2653.51
3485.05
7788.24
8127.98
1818.84
1911.51
4288.00
3011.87
8289.38
6247.56
1506.61
7799.56
2400.40
950.95
431.72
1665.65
6915.08
9261.63
9877.53
9597.89
8127.27
3676.03
8295.83
8231.41
3234.43
9763.69
8613.04
2069.52
5432.96
8479.32
4047.03
8086.47
1964.37
1835.26
6214.46
3783.22
3746.78
502.46
6795.09
2036.15
6750.02
8301.70
9835.71
9150.41
9252.64
267.43
816.07
6167.72
9529.07
693.60
5765.61
7656.33
4369.63
4061.44
5887.75
7604.05
3825.13
4500.79
9673.57
9258.09
2980.11
3720.60
7344.56
4944.48
5555.87
3559.02
8727.70
9302.64
4061.48
5522.79
1338.79
811.50
3824.48
1174.51
9961.91
3077.13
1441.94
777.98
9244.85
971.01
1471.58
5010.46
8627.34
5841.20
9071.90
4515.09
3445.25
2897.02
9015.87
3118.82
2155.11
1995.98
6839.42
9499.67
6940.46
2395.29
3058.70
5668.16
1697.93
7120.18
1190.95
3036.72
7931.67
5015.43
4211.23
7893.59
8092.56
5653.17
8671.56
7337.41
6624.17
143.14
2347.87
5251.51
5984.34
1419.77
9766.60
9429.59
4316.79
8782.47
2548.42
6471.90
778.45
9387.84
5971.58
7718.92
1783.13
9030.27
3387.08
3481.06
6150.45
4578.03
6517.78
4082.13
9593.46
729.01
1975.71
7686.02
6382.18
647.28
5023.43
3006.35
790.41
7371.29
8257.86
6774.75
8791.06
8024.46
6204.35
3107.85
6806.93
8752.76
9579.75
7585.39
8140.61
5551.33
5304.30
9923.74
4581.60
8691.38
3404.80
732.06
3269.41
9922.58
4814.18
2862.86
651.59
6789.90
548.88
7033.77
7437.17
5572.31
40.12
8227.59
2943.60
8297.99
5002.34
1734.66
6322.45
1206.69
4842.51
3129.38
9959.45
4422.26
714.77
8100.06
9973.59
6019.07
8023.80
4555.19
4710.45
1428.60
5287.25
7979.86
1351.19
101.43
842.72
2002.78
6891.33
1391.60
9036.55
4328.50
6963.91
9076.67
2556.09
9907.51
7374.66
7558.43
1642.17
3697.11
8765.11
6484.67
6826.49
8724.57
906.93
7541.26
6824.63
880.52
3560.32
4848.43
5435.71
8270.77
6277.03
722.95
6250.63
7628.21
824.38
7093.35
9630.99
7715.71
8484.95
8667.54
2044.21
5448.86
7744.22
4600.29
5356.37
5118.88
2158.72
6998.53
8815.99
923.83
3483.21
5642.48
9648.40
4390.14
3183.73
6473.02
5270.66
6744.06
1321.45
706.36
5014.83
7598.48
1429.32
1265.46
5226.69
2253.70
8358.80
4857.68
9969.41
6843.75
3525.22
2013.62
2292.61
1269.44
6613.92
7648.98
6388.32
8772.64
4647.51
5204.31
9696.47
8130.72
846.79
9344.87
2520.86
4030.52
5817.89
7791.52
774.57
7139.34
8497.88
5789.40
4737.82
9927.20
7054.85
9964.50
2180.90
5413.66
4822.18
2150.31
2257.41
8347.41
4163.93
4550.02
9616.85
777.85
2199.00
6005.17
9550.48
6846.52
1209.48
9246.95
4977.23
2056.26
8591.82
7498.09
6086.78
4409.71
5289.61
6861.35
1549.05
3787.49
2650.75
6286.86
3714.68
9705.61
6251.37
5895.58
5119.26
1073.55
8045.89
7376.68
9420.95
2209.82
1926.70
9037.80
2987.67
4125.71
5042.97
2538.15
972.22
6252.45
1785.10
5949.46
8308.71
376.92
3447.55
4395.50
4786.63
8737.16
1256.85
6335.68
2524.64
3907.60
2622.54
6239.33
3613.20
8873.90
2134.91
8732.47
9947.45
180.81
6109.14
9368.40
2390.63
8035.85
8406.21
5378.30
2161.55
3449.18
7916.46
3133.77
9701.62
9701.56
9083.23
8010.34
78.48
2530.78
2405.83
4865.11
1267.94
3662.68
1200.78
3792.58
7570.28
3823.32
31.91
1183.48
2697.22
2166.82
9915.95
2644.68
2347.63
6025.10
2013.08
4738.27
4060.94
419.28
116.57
6222.49
3868.46
8033.02
9356.27
3570.08
7734.58
8439.50
1580.42
7813.06
970.28
3986.26
2678.17
2238.21
7648.94
3878.96
6030.80
5219.22
7702.28
6062.71
6402.70
399.50
8229.53
6318.65
3044.18
577.17
2343.75
5057.26
5315.43
6404.69
5476.54
5432.00
2627.19
9345.00
3465.02
1983.45
2915.09
1199.61
422.95
4495.51
9012.67
1393.23
8481.77
1690.85
3631.45
6130.70
5569.80
9662.24
1349.92
3272.08
5724.95
7752.62
3671.58
3954.48
4071.28
6715.75
4531.65
6415.02
1773.01
9847.08
2819.72
7249.55
5279.08
5446.90
6594.55
8744.10
7430.36
9509.64
9943.71
7853.31
4005.15
8956.39
9246.54
2486.91
647.23
2877.99
8617.62
6217.03
2540.23
9967.54
9489.11
8265.18
7720.16
3160.69
2219.67
1791.44
9876.45
6751.32
8206.46
1649.46
6598.40
1026.18
8899.01
1877.48
6473.08
5493.56
621.58
3903.44
5003.20
565.29
1756.75
9008.34
9521.68
1003.29
1495.25
168.91
3881.28
112.87
6385.95
6421.51
80.41
5875.06
4686.70
7800.57
9035.75
6906.36
9592.01
8912.19
3657.68
7798.47
561.65
256.08
8824.65
9460.66
2133.56
5297.73
4954.21
2755.14
9201.17
9957.41
3320.43
957.92
8965.75
2842.11
1961.21
461.00
3011.03
5842.49
573.87
9396.97
2264.00
654.28
5272.03
6950.70
8454.85
4307.78
3857.06
8046.86
3219.98
7514.74
5845.33
3781.63
7770.82
4669.98
3242.28
9904.37
9967.71
8196.50
2659.51
9168.87
8153.91
5979.95
126.79
7119.66
8822.06
2087.99
7580.66
1833.09
7930.48
8154.54
1230.06
194.48
8808.82
6502.10
7145.18
7263.68
809.88
1002.24
5310.54
4029.86
8516.98
1155.87
7811.49
6287.79
5825.84
1053.77
6192.17
5793.55
9250.27
8851.68
4962.42
7404.18
4831.63
5089.21
4523.84
3653.69
7177.20
2104.50
5486.78
5107.68
259.04
6716.84
5302.17
9067.86
3218.93
2447.34
6331.53
4028.81
3449.58
1642.07
8058.67
1966.56
2797.94
5870.16
8254.35
8623.78
6923.93
4446.52
4417.33
6174.20
3298.20
9379.75
3578.38
8129.83
4468.96
8102.21
1783.52
1646.16
206.71
7270.29
6753.85
465.75
3987.13
2056.01
9533.61
7206.06
4503.35
5865.14
1234.88
7952.93
7507.21
9293.55
9919.49
305.15
5163.71
8173.84
8928.93
2087.64
2620.36
3346.26
8261.84
5918.56
2726.01
1840.22
4048.39
7194.97
9942.43
5831.90
8841.14
149.14
3102.19
5594.98
614.89
7089.32
7650.99
148.50
4295.39
2154.35
6013.64
5530.27
107.28
3520.85
4823.82
26.77
3825.99
9987.53
8200.61
2754.92
2075.18
820.97
6101.18
337.02
6739.53
8827.20
2177.24
787.91
6022.17
2119.67
6619.81
4863.31
2268.81
9722.00
458.29
2883.70
6811.33
8109.28
3032.20
1106.71
263.63
9045.84
6636.98
370.91
2566.68
1460.80
397.68
6392.68
1448.33
8598.29
9147.60
3523.50
9419.26
5248.79
3860.52
6158.79
4075.98
6037.76
6946.70
98.15
8157.43
3566.51
4961.46
426.24
3288.51
5419.75
3309.94
99.84
3529.03
6342.14
1206.55
3792.66
5387.98
7843.53
4163.57
7954.66
9304.32
4561.25
4347.34
752.65
3159.54
3494.94
4276.15
2578.80
8743.73
8136.67
8737.58
2819.71
4174.43
5684.28
2917.87
2331.86
9250.79
7879.33
2758.10
2539.30
3299.08
6068.04
2639.14
6828.11
2410.18
3845.69
620.77
7798.16
1689.22
4784.34
5752.83
993.54
9345.59
100.17
1746.19
2505.12
3595.11
6022.34
5083.92
2338.84
4159.01
3821.50
5158.56
8333.44
9505.78
8076.43
665.30
8756.57
5955.75
3423.39
1295.87
9254.83
9491.43
3935.01
6082.95
1901.62
7780.70
6703.72
9699.78
9469.92
1488.06
5452.61
463.46
833.65
5552.78
2209.65
3338.77
9147.90
8231.99
8422.69
1486.74
2390.99
2244.19
6645.30
724.43
1749.97
4721.72
1389.73
506.53
677.48
4813.12
1802.40
9932.31
4304.55
5737.42
6015.26
6206.17
3518.12
2718.98
5905.95
2988.04
4207.04
1358.56
3451.50
5040.69
6911.34
5661.15
8379.46
6059.24
3893.13
6802.14
7545.98
6284.13
9046.33
4191.28
7008.56
796.30
8913.00
8398.29
1302.83
9590.47
3211.41
3105.24
9522.79
7515.96
8842.65
5538.05
3722.13
2360.77
8257.03
9628.09
5348.81
2464.07
986.65
8800.31
7504.76
7897.99
4461.46
5884.21
3957.23
8354.59
2686.36
1503.21
4638.72
1732.69
5694.49
1647.27
2528.99
4607.49
45.56
3831.82
4197.96
3256.97
6937.06
3720.75
772.93
5779.71
9258.80
4495.06
8140.49
7515.83
4123.15
3489.30
9979.89
5109.80
2289.61
7484.65
3007.79
6751.07
3368.86
6965.03
5105.66
6055.22
8468.24
9744.38
7787.91
4162.73
1391.65
316.90
8770.21
1437.21
4148.72
2968.18
4694.18
1085.78
6688.92
5467.11
6865.49
5947.72
9962.17
5005.98
3463.55
4085.32
8495.28
3443.44
9195.12
784.89
928.09
2202.91
7535.96
4296.95
9167.94
2641.62
352.17
7636.18
2386.00
8140.08
1798.90
3777.65
8456.98
569.12
5214.86
2605.70
3537.29
9909.04
3691.48
226.22
5376.14
556.97
6173.94
5338.32
5562.95
9637.49
9423.64
4058.23
3080.93
8618.76
4843.13
4009.02
821.67
2379.09
8305.97
9989.61
5020.71
8658.15
7625.79
7406.71
6798.23
9424.69
1184.36
5255.21
9993.80
6399.21
7860.92
3531.10
6308.25
1552.40
3757.32
1684.39
2109.37
9931.26
7022.71
7672.32
9568.74
6446.35
1730.55
2649.67
5065.10
6573.68
6658.69
5886.78
8952.77
4964.67
5876.38
3973.48
3622.81
3502.17
1380.19
421.05
2926.86
2564.55
5676.26
2920.66
8963.76
3537.18
6451.76
5272.00
5089.57
209.08
6956.39
7198.94
140.33
3979.10
4871.26
9709.08
425.45
6601.81
2358.75
5490.55
3175.49
9017.44
1377.33
2128.26
3982.10
7253.71
6101.74
7604.92
755.88
7481.93
8025.96
3682.74
46.48
3702.22
6603.41
9010.24
7239.40
3055.17
4282.24
2328.97
3264.24
1238.63
9527.91
3404.58
5217.73
4399.17
3113.65
5643.18
1000.98
5472.40
1133.73
4176.47
4489.84
2511.06
6304.73
8471.94
9764.77
2406.48
6076.86
520.65
9888.41
4102.82
4203.39
9934.89
7805.04
806.79
8945.12
5044.44
3861.96
3227.36
7373.41
7126.21
4466.00
6901.32
530.78
9683.73
1300.49
3644.43
5326.91
2301.47
9116.83
6460.64
6477.94
3606.67
8971.70
2782.67
2078.61
8736.46
5189.15
8155.47
9257.11
5077.56
2258.29
3460.50
5012.44
63.33
4267.29
3957.57
5107.77
8129.26
7184.93
2481.18
5255.46
1650.93
9382.50
5786.24
1334.66
682.99
9430.68
6661.57
2984.45
8547.51
3122.21
9462.39
2154.18
2093.91
2245.06
4232.79
830.37
7434.21
2388.25
87.48
2511.77
4646.54
3547.98
7524.21
4709.87
7815.27
1481.78
9817.64
5944.53
8666.71
2298.82
1199.99
317.64
1681.32
6986.23
1652.30
2364.31
6416.91
8313.87
5348.76
4964.42
1436.08
4811.15
7118.60
3529.99
7056.21
1351.39
4360.36
4490.42
3739.64
4447.84
7002.19
8386.18
7995.81
4526.40
3096.05
5811.08
6008.18
2913.69
1755.61
4674.89
5212.51
2955.60
4992.53
6893.83
9941.84
6644.84
9258.13
6358.75
4958.71
4606.89
1323.17
6394.79
9418.04
8441.77
9924.78
6474.26
9793.17
4285.14
964.68
3532.81
8732.98
7966.87
1918.99
6728.79
2493.27
5015.05
2539.87
8501.44
7928.73
4295.49
3176.34
3141.24
7251.09
8168.87
35.07
7192.93
4813.70
9293.20
3551.68
9772.42
3900.09
4874.85
6167.21
3318.13
3316.63
6091.99
9792.39
3109.79
377.13
757.07
6642.60
9110.11
8723.93
8561.59
5838.90
1217.20
3576.64
8378.77
9718.64
1505.37
2674.26
2894.98
4646.62
9925.35
1063.85
4681.68
7118.28
5877.55
3974.88
669.96
5649.97
7874.97
5544.81
1817.17
1193.11
8861.44
7909.17
985.50
1971.23
8286.30
1742.56
8613.83
7396.40
466.50
7175.42
3235.30
1683.69
752.06
1614.07
1402.34
2257.44
4288.33
4297.32
6904.05
4213.68
5361.17
1585.74
1331.96
1238.72
5560.62
2001.91
6888.69
3435.59
7546.72
8705.86
4628.70
6408.16
6615.03
5614.19
8379.39
4901.32
7356.76
6993.21
2297.72
7823.25
4168.64
5533.02
9506.95
4920.70
7147.09
909.28
7178.14
1435.42
5206.60
4082.19
5649.09
567.77
5667.93
6981.05
1806.49
1228.55
8982.96
8695.17
4664.14
6529.69
7401.03
9292.84
2937.85
4016.06
4907.03
1317.23
8917.38
2263.79
8310.45
1215.10
87.04
2479.08
6748.12
9593.99
7399.79
3895.21
503.27
4577.93
5330.63
5709.87
8660.12
979.72
6277.64
4328.05
7960.77
8084.13
5556.60
6943.74
6779.30
220.75
3473.42
4180.33
9513.59
6411.27
8196.39
4420.62
7728.50
7113.76
6684.41
6038.95
8328.86
6771.45
8518.03
5076.99
6365.44
5917.82
8972.20
6868.72
495.74
4302.83
2578.59
9155.87
5282.56
8856.23
3483.92
3243.33
6940.36
9040.52
187.06
3719.66
9261.27
3660.49
7899.98
8774.85
71.76
6096.37
3195.48
7800.26
3210.13
9879.89
3839.21
1539.00
6651.34
2357.24
6615.98
3016.78
8275.05
5588.19
9885.50
8770.80
9891.02
2464.09
7926.67
5173.57
1320.32
1410.58
8416.90
8260.68
451.11
8603.96
1980.33
9712.38
2264.45
9880.32
8487.23
2336.21
5976.69
1682.70
136.47
9186.82
1562.59
3975.67
725.82
8213.93
6332.91
7341.80
1230.72
4607.96
2929.98
1116.21
3378.76
2821.00
3580.30
1305.43
7994.57
4900.62
2716.01
6411.47
3161.30
3167.12
5015.44
5141.63
2879.49
7279.89
5021.95
1366.72
9616.10
998.64
3049.43
9752.56
185.46
4612.02
3728.23
911.27
2825.95
61.14
8253.07
4056.67
4669.11
1183.06
5172.88
8047.87
4004.06
8753.18
9353.29
1998.63
3653.81
2069.30
8410.10
6815.10
5236.42
3425.54
1956.74
8115.91
705.42
6978.69
9482.64
321.52
7977.32
2532.06
74.08
8162.78
7144.08
3802.32
9074.05
9970.03
3863.46
7327.12
4026.70
8532.57
8510.18
9199.58
6580.43
2514.24
7952.76
5933.73
4512.87
1606.57
8003.03
2922.97
8421.67
3239.45
6348.51
378.41
1355.37
7053.93
7357.10
838.00
7375.45
5334.42
3370.06
7449.54
3497.20
514.15
1251.85
2571.26
484.18
5115.31
9898.38
4510.88
3647.88
8408.56
3710.45
228.31
922.80
1663.22
6162.04
5435.68
3269.78
4165.07
8358.65
1691.45
7404.52
4707.16
2069.86
8759.89
1761.09
9426.96
9597.89
9136.55
4761.38
2967.96
6586.08
8258.58
3482.10
7837.93
829.84
3966.28
2953.24
728.22
8477.15
6601.12
9136.78
2187.61
6829.43
59.59
3850.82
2991.47
5495.26
7120.60
7156.54
3853.91
8812.06
4561.06
8561.07
881.92
3320.95
322.17
308.88
2918.84
9458.71
5070.26
5886.80
6044.79
3328.85
9368.90
3882.73
4158.69
3335.18
6835.97
4886.91
1812.33
3437.09
4023.69
3999.94
266.53
4083.28
7850.76
3258.00
9578.54
4971.36
414.54
3432.46
3783.42
4975.60
1993.53
4665.34
8296.55
2315.69
4974.22
1215.40
1774.40
44.49
7102.19
7819.20
3373.34
6471.09
1701.93
7532.02
9806.27
8537.90
2418.93
1618.60
1974.99
6442.63
5618.53
2241.52
525.91
3469.29
5499.52
104.45
8440.65
5914.06
3536.91
2224.07
889.66
5530.43
6889.41
9186.21
7846.12
1863.63
401.61
9620.53
1908.12
7503.80
7439.73
5281.46
3974.89
9141.66
2813.48
3781.16
7679.56
5232.41
5399.76
9654.55
1675.04
1018.29
1896.07
2200.94
4487.58
7395.59
2305.39
2928.23
3309.65
5842.30
5152.30
4199.30
1372.73
2041.71
3385.51
9218.86
3905.35
3787.12
8839.38
5813.47
1290.92
6279.11
1094.92
5265.81
5420.77
3908.40
9046.97
3100.33
9140.81
4446.72
2754.88
815.85
5465.02
4650.95
3016.79
9952.60
2046.54
5322.19
2880.83
5356.19
1164.48
8033.13
9555.49
2537.22
74.85
2941.00
1756.07
3980.19
6728.12
595.46
9793.66
8019.04
6874.57
888.58
3284.84
2295.34
4796.98
2331.81
5395.67
3937.79
6778.53
8150.54
4753.64
2243.55
2801.49
7770.43
2196.15
4848.03
3092.62
5076.98
204.22
4257.10
3110.11
9759.71
6794.32
3184.96
2700.71
8550.39
7165.15
9428.83
9145.84
6958.81
7447.87
6020.41
7847.39
732.71
8315.75
2644.36
3064.52
3711.42
6582.15
9843.05
1861.96
1335.79
2086.60
4663.46
9106.23
4282.75
9511.49
2198.84
9359.73
9715.71
6455.95
2469.84
9475.42
3250.26
5654.79
2176.13
1800.65
2819.94
1604.96
946.50
9778.75
9052.82
6966.91
7626.13
9785.53
5282.66
270.50
2850.05
8994.08
6852.65
2693.11
856.04
8188.45
4779.71
5519.50
7294.67
9062.46
5030.99
9493.52
8422.19
4746.70
5949.46
892.03
4222.12
9199.72
6546.82
6398.25
1000.38
9366.76
8003.21
1946.87
9145.51
7056.03
8913.78
6771.65
6841.56
4196.44
7042.15
9691.62
3190.52
3894.80
2384.72
4046.56
2083.25
7164.43
9566.05
9377.92
6226.90
4597.04
8871.44
4649.09
9343.74
4820.90
5541.12
3565.85
4020.62
2087.94
9964.10
5021.00
1454.70
7967.31
6967.87
600.22
5023.33
5881.65
7371.87
1864.90
78.09
4414.01
1556.51
3268.61
8308.82
3941.23
7315.17
392.06
1105.67
6881.22
9769.99
7332.56
1478.26
8641.42
1981.65
822.00
3462.32
7522.77
4387.85
7482.94
9610.70
4351.95
2503.94
1065.41
2319.26
9471.82
1665.62
7342.59
5353.47
9037.49
9207.49
5431.56
3451.50
764.00
8700.17
1760.32
4705.23
6015.34
2152.38
5810.90
2896.56
1922.37
3143.46
4374.82
563.79
5125.11
5196.81
4026.11
2647.88
9584.66
1509.05
2258.58
3936.61
4013.00
3323.99
6255.87
3484.81
4989.61
3598.46
8838.28
4027.10
2805.95
4269.84
7478.61
3569.95
2970.01
9238.93
8275.18
8985.35
1391.31
4086.08
1881.90
3313.68
7229.55
6256.72
3877.47
2354.66
1453.53
7903.58
5002.54
1038.19
9412.63
7261.13
4974.81
3425.63
585.12
1230.68
6910.44
5574.73
4829.14
5748.72
9601.83
7635.08
18.56
7080.44
1205.03
2988.57
6319.37
9480.21
1973.91
7710.68
3566.30
3855.82
1024.36
795.84
112.54
4901.83
3150.51
1566.07
2805.41
8153.05
2604.26
2218.05
5414.18
7579.07
5643.68
5999.29
8809.75
2554.11
1574.02
3638.88
8302.83
1175.86
1273.96
8321.39
8256.30
2478.99
1309.96
4575.67
1959.21
3283.87
2286.35
5525.50
7139.69
3310.72
6321.35
7252.22
8212.55
9471.85
8818.29
1017.97
7624.90
1422.55
3236.01
3039.08
9001.62
8879.69
9038.37
7811.37
1433.80
612.40
1450.25
9736.63
1788.25
2724.22
8058.02
44.55
5203.21
9367.98
4620.22
7162.42
2651.85
6906.58
2687.92
9791.54
217.30
9009.26
7043.76
8429.85
8481.12
5862.05
9447.82
6106.02
7284.61
2683.83
9145.10
6286.23
1563.52
8183.47
4097.60
2997.32
8795.87
5547.85
2733.96
584.12
8272.07
791.98
628.67
3475.28
159.96
5248.90
637.70
2811.81
2155.48
3325.61
2603.35
2372.78
2334.87
9647.11
802.63
815.99
5509.16
250.44
6922.01
2793.76
2934.27
6067.11
9079.99
4497.79
4250.58
3177.59
7495.12
3046.45
8725.45
229.07
3630.57
6997.52
1021.06
4259.25
472.80
1181.02
9508.15
1110.49
3992.83
1663.63
4436.10
6596.17
4036.40
6770.98
6243.28
4839.03
7586.97
1752.44
5089.47
4508.98
4546.20
8023.75
576.09
3626.20
2521.54
4826.67
6803.79
16.66
7873.12
5529.23
245.73
1503.70
2526.75
1266.79
5762.95
2999.55
2447.80
5271.09
4110.04
6440.63
6934.72
8546.14
3036.81
971.12
5317.12
9280.09
5810.15
2904.09
1032.53
899.62
7413.07
5578.73
8923.37
7989.16
9204.93
1444.91
2815.83
6008.71
1461.57
688.96
1537.95
1707.30
2192.66
4064.70
2974.09
7955.60
7064.25
5421.89
3226.70
1174.29
1862.52
161.42
9720.43
4899.33
1132.54
5037.55
4179.42
6942.69
7941.65
5211.95
7842.31
5354.72
790.68
6765.68
3343.88
9995.61
8210.59
6159.71
6004.32
9672.16
6848.67
7542.27
1379.46
9041.33
1606.97
4353.54
6996.93
8671.22
9775.44
223.63
9845.51
1637.96
385.05
9565.94
6537.29
1517.59
4603.50
716.71
8460.28
2545.14
5928.66
6302.59
7899.86
6719.35
3068.27
1243.74
6714.95
1278.86
7403.45
2719.28
951.02
4252.12
261.55
2330.48
3293.45
1868.52
6684.02
290.39
539.75
6459.46
514.02
385.26
8097.42
899.07
9951.20
4634.71
2416.65
4554.69
5351.43
876.93
7099.83
1280.09
7179.52
4999.69
7999.44
247.79
6243.43
4714.39
1526.66
3646.89
7433.67
2477.68
7899.01
7695.21
4808.16
1192.47
9563.74
1492.19
1482.85
103.48
7951.65
1996.87
488.74
6049.07
2895.93
439.94
683.78
5312.59
4994.63
6035.21
6189.52
2094.47
7315.30
3369.04
7094.16
5314.73
3616.84
3337.60
29.12
5143.50
6984.48
7462.79
7621.18
4883.49
5158.00
2429.34
6075.96
4721.74
3921.53
7558.81
4825.22
1873.18
9555.68
5313.96
7922.25
2451.62
5753.90
8606.03
7764.20
748.54
4641.23
3953.72
2843.00
1956.53
7322.77
9937.16
7271.26
939.60
3274.76
7300.38
6083.10
259.24
4763.17
3704.28
5142.74
9921.17
6133.62
1218.69
4642.91
55.15
8777.51
9468.13
1928.32
8333.19
4782.10
9850.57
784.80
536.00
8456.60
8549.01
1284.54
3097.83
2502.73
4127.54
5054.36
9825.50
4064.70
2325.62
765.10
7339.46
9626.00
6848.19
7598.70
4389.17
552.47
2741.44
4310.34
6686.08
3960.13
8953.25
6741.23
2737.64
8421.38
8669.55
1070.83
3203.48
8520.12
1855.63
3739.48
6976.72
404.63
5024.02
74.55
2907.36
9151.55
5128.91
2732.86
3216.26
7454.53
3497.95
555.72
7080.53
346.15
8154.42
1469.71
898.62
895.86
5780.05
7584.70
4855.99
4733.30
4325.93
7593.63
3154.69
2995.48
8664.46
6358.16
1515.61
520.08
97.64
8492.32
924.72
5121.66
8566.87
3832.08
4273.21
3695.77
6564.94
7489.47
1150.30
62.89
8045.19
8230.83
409.04
6199.61
9700.54
1307.66
7095.47
5480.59
8892.36
1951.46
213.90
3218.29
9545.10
3368.58
6213.77
8209.55
9726.75
7729.38
8729.64
9824.39
6221.70
9654.36
4946.05
4788.57
3486.44
9219.26
8484.34
51.37
6708.73
9634.65
114.27
4753.92
7865.48
523.31
953.53
7566.02
1830.96
8049.00
3046.62
723.32
0.46
3260.51
3941.61
9545.56
6629.10
155.38
7755.11
6355.84
7884.75
6484.75
6180.23
4106.45
6139.11
1126.28
8895.02
9625.54
345.54
7379.37
9676.92
7054.26
7014.01
9791.18
1808.18
4879.49
314.49
2761.70
2445.52
2145.45
810.70
5492.14
2868.77
811.16
8752.65
6810.38
356.72
5381.75
6965.76
8111.83
1737.59
4850.51
4596.58
7917.82
8956.97
735.69
9044.10
7851.99
361.23
9389.63
5231.36
38.15
6443.90
2245.37
9829.33
8252.07
7124.87
143.82
1013.78
9570.38
2289.28
1824.48
5062.52
5158.05
2635.64
3815.17
1968.43
2992.36
9196.91
8934.19
1104.19
934.50
3784.70
5700.77
8852.32
2741.67
6436.46
7896.42
593.66
6797.69
7286.05
5825.02
6835.84
3729.95
8070.39
6665.17
1982.02
5195.26
6808.99
2995.80
4765.64
9098.27
4820.27
9828.16
4256.32
7455.91
3643.33
6224.75
448.27
2840.24
5158.95
1552.46
3774.74
8943.65
7253.24
2627.06
1685.32
3689.70
523.48
2278.98
487.39
7809.53
8104.01
7323.22
1539.48
6174.40
3988.39
3521.50
1369.66
797.38
6517.29
6135.30
9895.65
1337.57
5963.46
4151.97
8793.48
9606.78
376.73
9241.75
2447.02
5535.67
794.22
6221.76
4479.32
8047.45
8848.82
6164.64
1737.15
9372.30
8443.63
2224.54
7181.83
6547.63
9547.76
8721.30
2722.03
3536.16
2242.80
4091.69
4333.54
8760.09
226.98
4229.19
97.66
6190.44
8381.16
8891.14
5797.22
8757.89
8132.89
8244.24
4293.56
8927.11
4466.00
8772.88
6974.56
3314.82
4937.52
8711.71
2687.12
3381.15
936.25
9868.95
9928.78
484.01
8590.25
2650.82
4020.17
833.05
6742.50
8353.71
9593.15
6969.48
2582.90
9690.80
3159.92
964.06
8581.95
8957.14
9721.95
6714.84
7201.38
4015.51
5641.95
1667.37
2788.39
2616.51
4982.19
7725.91
1328.22
7669.31
1107.06
2264.47
7538.25
1035.85
2748.49
6128.50
3686.66
6768.66
6961.56
429.17
5122.36
6554.70
7398.65
7705.26
6245.51
558.57
8669.32
4827.45
9515.71
8391.27
1542.29
6717.09
2406.78
7184.24
8384.46
5195.17
9800.74
3366.65
2921.08
1128.97
1035.96
4028.15
3393.44
8574.21
5064.00
6141.93
4702.71
8750.66
2910.58
1664.27
9179.83
8032.95
8218.97
6578.48
5738.21
4464.47
7137.05
4407.53
9291.92
6652.76
2798.80
834.21
3369.85
5205.58
8018.45
1754.31
400.76
7819.19
5120.96
3321.84
8948.16
6156.91
7349.99
2341.60
4731.12
2413.99
8483.52
9433.83
1164.65
1394.11
1098.10
344.48
9427.05
9317.07
6922.96
5165.26
3781.54
4060.01
9572.79
3073.47
712.77
2371.59
3907.68
4082.62
7577.18
1926.13
5836.92
7977.94
9745.33
957.88
1299.78
8693.48
7114.79
8649.77
1035.08
1845.91
1063.76
9518.61
1279.74
2228.41
912.71
2377.84
2572.89
339.77
1694.91
9495.84
5505.03
5476.46
3555.85
5077.82
8549.92
4268.62
7449.41
2457.60
8351.23
5026.59
4383.74
4188.16
3004.53
4129.06
5146.03
4304.31
2822.54
2260.82
2954.07
3857.63
4106.73
4017.83
3376.23
5386.48
6246.24
4288.95
7764.32
8819.13
4628.72
9459.23
8314.97
133.74
4935.69
1870.82
5211.56
3485.61
6139.44
2660.97
5943.22
4490.68
7687.57
326.95
8678.83
692.10
4456.01
3824.87
4996.40
7278.56
6085.69
7950.48
1136.19
192.43
1968.31
4512.42
5578.91
8214.55
8801.37
3343.23
7033.68
3430.08
2802.46
5348.65
3563.83
7738.15
7219.47
8775.39
1223.77
3358.91
1436.36
7166.98
7849.59
9123.93
7493.94
6528.43
9816.03
1949.95
353.30
4812.43
9228.51
6438.99
2762.90
364.70
6631.42
4731.21
4877.12
2210.33
2945.76
3678.49
5553.56
9979.44
7108.57
8356.02
5328.08
672.40
6094.17
2547.56
9447.79
7317.94
5906.47
884.15
4484.92
3756.06
8.08
1978.86
284.49
9824.10
3928.81
637.79
4636.53
3157.32
7076.78
7399.43
3522.02
3708.20
2130.65
8399.13
5918.53
5076.41
2077.62
1472.09
5055.84
9186.19
9828.11
383.93
9858.59
5922.28
2931.48
9306.37
3240.22
8837.95
190.52
7725.14
2594.02
198.60
9704.00
2878.51
22.71
3632.81
3516.30
4659.24
6790.13
593.08
2058.67
312.14
4301.29
4189.32
8711.28
219.82
9265.72
788.90
1691.91
4321.57
9975.09
1520.01
4705.49
9833.67
7442.29
7636.98
9140.05
682.51
6474.93
9330.57
8407.65
9068.95
9529.17
8111.65
1947.46
9551.88
1744.46
5463.76
4211.11
8534.58
6056.84
6269.78
8846.73
358.13
459.10
7558.01
577.95
9724.82
8346.90
2269.86
4046.39
8321.99
3789.87
8751.88
8155.66
1232.16
6388.86
7295.71
1914.67
2863.79
6626.28
322.32
1932.74
6155.45
8433.97
3880.20
5707.33
178.43
9343.96
9918.44
8713.02
5400.80
6188.22
7559.74
5758.94
6647.32
5117.75
6336.89
6372.14
3464.65
8606.74
418.53
1786.64
2396.61
9170.41
9942.30
3628.78
5559.27
7238.01
5543.45
8423.06
3864.29
5865.78
355.80
19.74
4299.75
4236.00
5727.07
4478.18
3579.96
5645.51
3191.20
8980.77
1833.74
750.94
4739.71
8481.06
5868.69
1076.59
4853.20
9333.34
9683.33
5271.74
1119.98
2079.95
4442.15
1062.29
5708.72
1.42
8300.30
1252.17
8424.49
2164.59
7117.95
8780.29
2184.33
1417.70
3016.29
7911.40
5895.88
6596.26
3556.92
9087.07
5577.03
5390.65
9838.01
316.73
3871.71
5706.70
1393.32
8724.92
5040.05
1076.66
3996.65
6160.03
3156.61
8438.80
7222.31
8865.33
8440.23
5522.61
117.51
6864.71
7687.20
7235.46
5645.00
9871.53
8653.16
8661.29
7782.93
4549.03
5257.55
1339.85
3636.11
834.57
6730.50
3474.12
1151.30
602.21
9180.83
2544.63
9327.13
4220.87
3621.29
3323.78
380.90
6777.90
1762.58
7603.22
5643.23
202.81
3125.83
5760.73
7067.52
813.03
2996.19
2712.52
684.56
1649.35
1373.81
8467.49
6198.38
6631.36
9807.34
9834.49
7465.93
6537.83
3308.61
8617.23
7140.05
2489.44
1161.86
6467.17
6710.31
4783.15
9790.96
7091.21
1561.04
1553.54
4694.43
7204.27
1756.35
7820.26
2965.00
8823.87
8633.28
5961.19
1536.39
9317.84
7610.54
2910.20
7785.33
3808.92
9541.55
7592.67
3643.41
7007.48
4130.50
6952.02
5624.71
1270.55
9441.45
6786.57
7737.72
6151.76
1569.72
7528.68
3242.97
3130.76
9082.22
7937.40
335.03
838.56
5757.65
3300.03
9662.43
4390.94
9261.23
1198.82
3708.78
6871.77
4109.01
1494.11
680.69
3650.56
9086.78
4324.09
658.04
3217.28
1276.11
6282.75
4487.83
717.56
3069.32
2225.55
6869.32
4639.03
9754.22
112.29
7769.79
8836.44
8049.69
8104.82
9675.00
3807.34
1404.86
9337.43
8198.28
666.09
536.25
1907.06
7537.85
4645.26
3401.17
8218.54
8295.83
2487.94
2542.63
8953.87
5705.22
3818.74
5236.61
193.05
4536.30
8305.93
2418.60
1405.62
2944.97
2172.82
1517.91
714.76
1009.26
9567.60
8819.58
684.27
3374.94
224.44
21.70
1573.22
890.53
557.95
3480.27
8428.38
5203.22
6881.44
6646.92
3499.04
9369.38
9189.55
2452.91
5074.61
3008.29
7689.52
5267.65
7544.60
5995.45
7686.25
8950.22
8940.42
9859.07
468.13
9655.18
868.34
35.73
8474.76
1552.60
3410.67
8699.21
1574.30
4983.89
9589.74
2132.25
8464.16
8018.12
7335.47
5345.60
4665.04
834.51
4714.98
3854.60
3287.42
9789.59
6862.89
976.94
5057.24
4407.49
6972.40
2743.49
3357.70
5912.82
2602.57
3825.83
5568.00
3470.90
3861.56
4042.76
5023.50
7272.23
2741.97
6597.81
2256.11
2331.71
8730.06
720.27
349.83
6065.53
6065.87
5014.87
6900.04
780.86
8869.46
187.46
570.45
5732.36
1164.41
5627.69
139.84
8136.80
8371.18
3497.54
4049.62
973.75
7323.37
9617.62
4444.65
1184.93
3660.38
9468.16
8457.16
6402.35
6065.96
713.28
8734.05
4796.02
1433.55
9083.88
861.55
7499.42
4098.75
7761.59
8280.28
2968.21
7949.06
8850.72
8700.57
9113.46
4478.41
8840.41
7250.27
2849.60
2337.95
1299.89
3823.35
9661.33
917.51
8268.00
846.26
4577.89
7736.15
9303.42
980.23
3802.11
16.70
9714.29
8598.14
1450.25
8798.17
9459.69
8949.67
2896.91
7221.28
7229.95
5865.12
5170.34
6080.67
4565.69
4283.80
559.09
3406.10
1534.07
3408.68
5744.05
2833.96
7232.03
5405.38
3751.46
5500.03
6251.64
8329.35
3236.18
5555.06
9309.58
7038.29
5571.76
9023.87
5636.43
7022.01
7822.04
5096.12
5971.68
718.95
2317.40
3201.63
6584.07
7487.74
9282.30
1149.77
1771.54
9841.38
4555.87
3305.61
3250.06
299.92
6139.57
482.09
5705.30
9891.03
5982.12
1956.94
8220.38
9218.30
7512.00
7529.97
6256.59
3083.77
6553.84
1893.02
105.78
4375.87
6989.14
6077.46
5094.82
9306.53
9279.08
1678.90
6794.27
8561.38
2828.67
8565.81
8402.76
7384.53
1871.42
1652.83
7684.45
8010.98
2134.92
3389.75
7902.01
8117.04
5346.69
6122.40
7335.33
2858.69
3652.36
3591.93
5942.46
206.20
5484.95
6048.23
4582.07
2474.08
2125.69
9676.90
1780.62
1404.77
1355.79
8574.89
9966.15
4184.46
7140.70
8368.91
1568.99
9012.12
21.74
9253.44
7023.10
2156.65
2643.19
4925.12
273.69
7989.88
1047.51
7609.03
848.57
4699.87
1200.95
6791.02
4906.07
6685.90
2839.26
9488.14
9159.98
4964.95
9165.04
940.60
6369.72
520.83
9515.49
6335.87
4705.29
6656.19
4704.78
6274.28
5668.31
4726.51
5527.72
2691.41
6883.17
8170.91
7616.53
7156.86
6160.79
8664.04
4765.88
7009.36
3363.91
5966.84
3800.38
8269.98
2652.74
6639.64
7758.12
1812.72
1604.58
6923.16
2753.32
7974.30
7443.99
2268.81
4310.17
2149.29
8925.01
9014.95
8423.57
4593.31
3741.46
3951.29
7284.73
624.62
2122.21
4901.25
7781.48
8283.00
3565.29
2547.36
5292.35
6929.21
8514.20
9092.73
5199.19
1166.94
5732.37
2957.31
2979.66
7336.96
9880.47
5732.98
5311.26
7324.47
8001.80
9621.43
9473.75
6926.80
8636.37
7897.32
1520.12
2377.83
1848.62
8804.84
3002.45
3970.83
3706.10
783.93
2253.83
7271.39
3331.30
7546.18
4200.60
1845.50
6638.91
9399.78
3012.44
2371.28
2357.09
5992.10
9708.24
2237.57
1725.08
5019.50
9562.03
9726.88
4640.92
9035.79
6653.68
3277.29
6933.11
8173.80
5655.13
8781.73
6978.64
8657.58
2752.56
684.74
9441.51
5006.38
7956.13
2772.81
2552.56
2156.72
4618.31
9191.47
1556.51
7630.75
1562.75
3913.60
3622.85
1270.99
6151.17
5347.93
6290.49
5713.20
5074.80
931.41
4748.99
1728.48
4208.70
1682.10
9902.28
9863.83
463.83
6880.92
8521.41
3216.39
7565.65
7962.92
8222.77
5521.78
735.73
775.33
7678.51
5354.04
9966.80
9235.01
2984.78
1529.56
3148.61
6607.63
2800.55
9299.78
1955.55
9091.04
5012.98
7030.36
22.45
9761.96
8758.84
4231.15
1444.06
8661.12
4094.98
1907.89
5542.03
2616.38
5124.28
3107.69
579.30
3347.05
8629.47
1315.03
4122.38
6307.98
6669.06
4089.18
5542.99
9653.85
5618.74
8691.60
6261.47
8419.29
7991.38
8217.03
7510.33
3004.35
5247.38
7532.78
2766.32
4006.22
1763.93
4210.38
2667.34
5858.90
6118.28
8209.37
8475.29
1242.56
1317.06
9054.59
4589.60
9946.53
369.62
8711.98
6254.50
7038.68
2801.17
1797.49
6692.53
8419.91
489.09
2954.00
6839.21
8480.46
1171.03
4349.54
1484.82
6418.42
1882.31
4251.14
424.64
3646.24
8461.52
3091.98
9505.14
4579.80
1301.35
7980.43
5822.35
2618.41
7035.02
411.96
2564.94
7404.64
9123.94
8819.44
4443.32
1925.11
616.93
1135.85
345.02
1106.02
4089.85
7184.23
9586.48
5260.88
1533.77
1071.30
1679.30
3416.08
5322.44
2103.94
7062.32
3783.96
5195.91
6567.46
8363.76
6497.26
4547.89
4186.11
9115.67
1582.91
4598.07
1680.60
8987.55
3722.01
500.04
3430.86
5647.12
1116.98
4566.71
5992.14
2223.00
8656.56
3176.37
1809.48
3917.44
4710.14
2880.78
5596.74
8126.22
8203.23
7700.68
5188.54
1987.19
2896.59
1756.00
350.95
9393.85
6303.90
4537.06
8509.51
7886.81
9135.13
190.12
6874.35
2857.14
690.16
305.22
8504.26
1807.14
4871.93
4496.41
4030.13
3528.49
7672.78
5839.62
7445.93
2382.92
8720.40
3042.67
509.14
6923.63
743.34
5697.68
8910.81
3639.93
7453.68
9261.76
3033.78
3757.58
3798.82
1543.29
1644.38
2933.95
1733.41
8518.74
5791.10
2423.57
8823.95
4295.36
4230.71
3695.88
8791.77
8260.84
7224.37
6464.55
4100.46
4670.29
8847.47
2820.86
7712.96
9356.61
9744.48
8456.31
5054.29
8655.30
2096.24
2507.97
7917.06
5130.01
6265.55
1715.88
6673.31
7909.94
4649.83
8406.71
6428.67
440.93
830.28
5252.63
4736.29
5060.99
8948.51
3528.06
3321.83
6172.87
9992.61
7422.29
843.17
8840.08
243.14
8556.13
8196.70
9987.62
7012.44
3250.99
8642.92
9108.67
5758.96
6559.98
4238.69
2024.51
8275.86
911.99
9934.45
2925.69
9318.71
6363.12
3366.62
148.99
1615.75
8102.91
5209.98
564.25
1630.97
8531.80
6737.13
1623.59
5954.09
7580.30
463.67
6197.23
6136.43
8660.37
6184.85
3148.86
1911.36
4827.77
2257.54
7670.32
1387.75
6496.23
9694.83
9663.61
7408.22
9629.28
2589.30
6726.93
5992.41
5955.93
6875.92
7608.15
4058.84
2085.89
8172.41
5689.81
617.70
4909.54
7313.40
6571.79
2489.83
7777.07
2769.02
8626.26
6437.44
8953.87
1775.12
8348.80
3781.64
4032.66
6019.11
5169.40
528.89
5713.95
4833.01
7937.11
5343.23
7422.31
4664.04
1335.64
3378.24
1539.96
8943.79
7437.08
3625.86
7116.20
3126.89
4243.55
2025.74
440.29
815.34
4515.57
8217.37
3584.36
3141.82
4654.81
2538.23
4916.95
3003.60
6319.87
8949.61
9022.72
1489.27
9478.50
4736.66
6322.28
