3284.10
395.83
4824.98
216.38
5089.88
1069.98
5093.54
836.21
4052.25
6427.50
8168.28
6536.76
5087.74
179.45
2526.93
8040.71
2557.15
4659.57
9926.15
8815.58
4851.53
3312.78
9174.47
9997.86
872.52
7505.11
6960.66
4161.81
9970.70
2959.07
9793.70
5752.43
1902.52
6133.30
6116.21
988.19
8370.01
5852.84
2660.30
5049.29
2703.33
508.44
4101.38
9364.60
9254.43
6135.44
74.77
6808.37
9053.62
5679.49
8621.78
7618.64
3304.85
4771.87
119.02
3852.35
1272.62
4317.76
763.27
5187.23
4124.27
5213.78
9666.13
3883.79
1293.98
5507.68
8625.45
1719.41
930.51
5312.66
8636.74
6710.10
983.61
9785.15
2202.22
2426.22
2504.35
5485.09
5507.37
7721.79
1709.95
425.43
9517.81
9683.52
2383.19
3126.62
4069.03
7617.11
5165.56
985.14
4005.86
881.68
5306.86
3275.25
1433.45
8380.99
5436.26
9088.11
3145.85
2530.29
4913.17
5526.29
7292.09
5508.90
2322.76
6466.26
8343.46
607.01
2682.27
7195.96
4423.35
6486.40
5910.21
5247.96
6064.03
7160.86
8133.49
2734.46
450.45
5513.17
2386.85
497.76
216.07
3161.11
269.17
9392.68
850.25
4480.42
1118.20
9005.71
5783.56
7602.77
271.00
9133.58
3209.33
198.07
2963.96
4323.86
3708.00
2855.01
5444.81
6797.39
2732.93
7870.72
9849.54
8059.33
7022.61
6264.23
4415.72
4516.13
9002.66
824.00
5586.41
7409.59
8234.50
8005.00
3574.02
2376.48
3983.58
6481.83
7942.44
8954.44
7957.09
5181.43
4770.65
5335.25
1283.30
8592.49
1962.04
8692.89
4792.93
2179.94
4260.99
6382.03
6659.44
5704.83
4536.58
8334.30
6468.40
7269.81
2902.01
5954.47
9775.99
5896.18
224.92
7835.32
2213.51
5453.96
7597.28
7600.94
7212.44
7747.12
8323.01
4190.19
6396.98
7573.47
3990.30
9896.54
6722.01
7569.51
1184.73
6470.23
3407.70
5654.77
412.61
4604.94
2738.43
2882.17
3792.54
7110.81
3788.57
4515.52
3077.79
1094.39
3134.25
2138.13
4576.86
9453.72
1618.70
9613.33
2526.02
7001.25
7228.92
700.09
7487.11
1532.33
3147.07
1148.11
1321.15
5142.98
5044.71
3068.94
5312.05
6114.69
6673.18
4414.50
2994.17
6682.94
7818.54
1358.07
4250.01
6989.35
3682.67
6402.48
2240.06
544.76
9754.94
21.06
9728.08
1505.17
1228.06
8648.33
6361.89
9076.82
1037.02
6828.52
3474.23
9362.47
5563.22
6338.08
7967.16
9964.29
2084.41
93.69
1836.91
7649.16
7024.14
3657.34
8912.32
4395.58
9059.72
2150.64
5355.08
2131.72
6163.21
5393.84
5498.52
1475.26
625.02
9078.95
9577.93
4793.54
1131.93
4788.66
4917.14
8887.91
5954.47
6680.81
7137.06
7623.83
6313.97
7637.87
2943.82
9812.31
3986.33
2708.52
1064.49
2657.55
2206.18
2643.21
2886.14
6086.00
3935.06
5340.43
9366.13
8263.50
6554.46
8015.99
5775.93
7619.25
7047.64
7907.35
837.43
1683.71
6732.99
4326.00
1817.38
8058.41
9609.97
9869.08
2139.04
7823.11
3379.92
3604.24
3080.54
6700.95
7207.56
4040.65
6112.55
4286.94
5279.70
4694.97
7447.43
6658.22
231.03
70.50
1353.50
2672.20
5493.94
4856.72
3806.88
9271.83
635.09
4165.47
3031.10
6104.62
8746.60
7613.76
8500.93
4774.32
9945.68
5067.29
4958.04
3028.66
54.93
6857.20
3017.67
9206.82
8518.33
6280.10
2911.16
7246.93
4615.31
7198.10
2940.15
7580.19
6045.11
4546.65
9201.64
4207.89
8931.24
567.34
8138.98
3290.51
3314.31
4574.42
8495.44
3546.56
3200.17
9068.88
4217.35
3784.30
5215.92
12.82
4883.57
7872.86
4945.22
4078.80
5209.51
2468.95
5000.76
679.34
202.64
7809.38
3897.21
1599.78
7521.90
6881.01
9788.51
6036.56
3604.85
3283.49
8128.60
3861.20
5131.69
3096.71
7324.14
4918.06
2378.31
1062.96
1434.68
7170.02
6030.76
6399.12
3987.55
1504.87
4017.15
8548.54
1968.44
6013.67
9921.57
8189.64
4050.42
7553.64
9542.83
3808.71
2122.26
3410.75
7160.86
9153.11
183.42
871.00
8072.76
1873.53
9660.63
7513.96
8957.79
8672.75
5215.61
41.81
2641.99
7269.81
102.54
4459.06
8816.49
492.26
5140.23
5405.13
7274.09
2812.28
356.15
7468.79
5232.70
4632.10
3374.43
6280.10
5298.62
4642.17
3599.66
2203.74
5639.52
5551.62
6266.37
4443.19
8925.14
3515.73
5414.59
8363.90
1601.61
6563.92
9852.60
3855.40
60.12
2344.74
1169.47
7539.60
5261.70
500.20
7865.54
6638.08
2380.44
9983.21
4651.63
7314.07
7033.91
6624.04
993.07
5298.32
4651.02
1268.65
7950.68
1613.82
4551.84
3793.76
7385.17
1208.23
5295.88
3310.65
2590.41
7312.23
2861.11
9878.54
4410.84
9329.81
8219.86
8028.81
1912.90
7078.46
5867.49
7421.49
1667.84
9190.34
9877.01
942.41
4710.84
8481.40
9029.21
5553.76
5239.11
2111.27
7592.09
6210.82
109.26
9338.97
3304.24
8159.12
3200.48
4684.90
9130.83
7920.47
3700.06
9322.18
346.08
8286.69
2380.14
8497.88
3518.78
7625.05
4923.55
7804.80
8946.81
8816.80
6364.33
6111.03
3114.72
8134.10
5702.38
7965.33
2734.15
9373.46
4756.92
3284.10
6927.09
3552.96
322.28
7139.19
9116.79
9490.04
3685.42
7453.23
5187.54
5570.54
6568.50
3419.60
9478.74
8021.48
7561.27
2456.43
5169.53
5999.33
8104.19
8509.78
625.02
8809.47
2084.11
9512.62
8258.61
5564.44
8106.63
6823.33
7477.95
2596.82
8504.29
4443.50
8274.18
8941.62
4148.99
837.12
7020.48
5191.20
9125.95
1156.04
1037.63
6048.16
4332.41
2692.65
3493.45
1877.80
4067.51
1364.48
5195.17
9580.07
4669.64
2047.18
4840.24
8086.18
9269.69
568.25
4285.71
8802.15
7717.83
174.26
401.01
6301.16
5751.21
279.85
62.87
9586.78
2460.40
318.31
9859.92
9230.32
119.33
6499.83
7064.42
703.45
5442.06
4292.73
3438.52
9214.45
6325.88
4442.58
8432.88
6357.31
3148.29
5334.02
3342.69
3894.77
8674.58
9516.59
2985.63
4978.18
5641.35
7201.76
6457.72
8125.25
6080.51
4546.04
3536.18
4260.08
1441.08
9530.63
8291.57
2136.30
7577.44
3251.75
6463.21
2449.11
3659.17
9433.27
8173.16
5951.11
9074.68
9974.97
2530.90
5885.19
7380.29
9349.35
5695.97
46.69
1366.01
5655.08
8960.54
2787.26
8296.15
1148.72
8413.65
2270.27
9387.19
55.85
2749.41
3296.00
2587.66
6483.96
784.63
1002.53
2722.56
242.62
5242.47
5760.67
8059.02
3389.08
4369.95
4571.06
7365.64
5307.47
7950.99
9278.85
6518.45
9134.19
9274.88
6915.80
8723.72
7346.72
9624.62
2485.12
7412.64
9323.71
6847.44
9501.33
5877.86
8688.01
4570.15
8591.88
2708.82
3251.14
3621.33
9483.32
7090.67
5365.76
2222.97
6675.01
3028.35
5499.74
6513.57
4119.69
6561.78
6848.66
7967.16
9216.59
5027.92
3792.54
9267.86
1437.12
2439.04
2015.14
5204.93
5891.29
34.49
3095.19
150.15
7144.38
6073.79
1381.27
8678.55
3606.68
3926.51
5967.89
895.41
7795.65
2529.37
5576.65
9038.36
2792.44
8267.16
9165.93
6901.76
204.47
2339.85
69.89
8665.73
9939.27
2686.85
6491.29
8675.19
7110.20
4516.74
6147.95
8741.42
6386.30
8518.02
7896.05
4525.90
9089.02
806.60
8139.29
7567.06
3362.83
3674.43
4831.39
4514.30
2719.20
1199.99
6893.22
133.67
3275.86
8787.19
1850.03
5644.09
4996.49
688.80
9505.29
8945.59
7249.98
4585.71
4459.36
8309.88
3995.79
7273.78
5293.44
6086.00
8914.15
531.02
3220.62
3990.30
5786.61
1221.66
8026.06
6541.03
4444.41
4699.55
4101.99
4196.29
7597.28
5575.73
4395.89
2768.03
8850.37
4913.79
5079.20
662.86
7228.31
7909.79
8750.57
517.90
8514.36
1126.74
8988.62
6797.08
8717.31
3339.03
4064.15
5902.89
9981.69
9055.45
2626.12
372.33
4251.23
8776.82
9169.29
3718.07
4998.93
5060.58
2102.42
7473.68
2333.75
8441.72
2228.16
7012.24
1803.03
2283.39
4441.05
7693.41
2195.20
616.17
463.88
7907.35
2660.60
8026.06
5431.99
575.27
4460.59
5655.08
6134.53
9669.48
7657.40
2383.50
3732.41
3312.78
8060.24
5241.55
8758.81
28.38
4735.25
8129.52
1218.30
9690.85
3396.10
2896.21
3595.39
5748.77
5984.37
1846.68
9587.08
281.99
1755.42
5735.04
6367.99
8449.66
179.75
6310.62
3206.89
3895.08
974.15
7476.12
4240.85
1675.16
1572.31
4121.83
8221.08
265.51
7351.91
2698.45
3047.27
9215.06
4925.69
2590.11
7897.27
4003.72
3814.20
2349.93
765.71
4674.21
6806.85
9865.41
4229.87
9790.03
4329.05
504.17
7245.09
2293.77
3125.10
2321.24
5792.11
8819.24
4569.84
2368.54
182.50
9022.19
2920.93
3188.88
1836.91
6496.48
8828.39
3542.89
7349.77
7832.58
8404.80
2439.04
2649.01
1382.49
3180.33
526.14
5069.43
2296.21
1245.46
7913.75
6145.82
5388.96
4899.44
2475.36
2941.98
2401.81
5112.16
7710.81
729.09
5222.94
8120.37
4212.47
4821.62
1624.81
4459.36
3815.73
4387.65
5084.38
5753.35
482.19
6043.58
5248.88
9569.08
6985.38
47.00
608.23
7649.16
1460.62
6899.93
9936.52
7838.37
2879.42
7173.07
4063.54
5011.44
9512.92
2367.32
4546.95
1319.01
9444.56
9621.88
794.40
1061.74
7199.32
8082.52
2210.15
506.30
5545.52
9742.12
6920.07
7954.34
6536.15
2568.13
3644.52
4378.49
850.86
8726.46
8276.01
9938.35
9501.33
5712.76
1727.04
6685.08
6962.49
3212.68
611.29
2773.22
9791.86
3492.23
7315.90
8486.59
9800.10
8136.85
1034.58
9393.29
5833.61
8951.38
6318.25
6943.27
3234.35
5832.70
707.42
1819.51
5037.69
9426.86
8011.72
354.63
3969.24
1384.32
8791.77
9327.07
9308.76
25.33
4615.01
9448.23
7674.49
4228.03
7642.45
2855.01
1801.81
3350.63
2107.61
4917.75
6367.99
6003.30
9255.96
5675.22
4932.10
5478.38
2300.49
1214.03
7051.00
4654.07
2962.74
301.22
9631.64
8184.15
6155.89
6582.54
1587.57
4781.64
4374.83
1657.77
5855.89
7419.35
8358.10
9353.01
7840.21
4245.12
5578.78
6490.37
4343.70
8038.58
3133.34
478.53
2051.15
7012.54
6583.76
9031.34
9624.62
4774.62
1321.45
2324.90
2475.66
2263.56
8014.47
2913.60
4275.34
9467.15
8694.42
3708.61
4264.35
9741.20
5056.92
9335.92
4428.85
4536.88
5526.60
1187.17
5597.40
1351.66
2655.72
1473.74
6531.88
2714.32
7417.52
6597.49
5064.85
9018.52
1956.54
5147.56
5352.64
3014.92
7358.93
844.75
302.13
8780.79
8003.48
5733.21
3238.93
2966.09
9057.89
3942.69
7871.94
1147.80
8682.82
1327.86
625.32
7084.26
1504.56
1300.39
4395.28
7699.51
4920.19
2164.07
7791.99
1599.78
4795.98
6264.53
8937.04
3937.50
2124.39
6272.77
7870.72
5435.96
7201.76
8905.30
6636.86
8387.40
2883.39
1398.97
1105.08
7434.00
3488.27
1056.25
3593.55
7949.46
908.54
3163.85
356.46
9829.10
4487.75
7606.13
2996.00
9501.63
6232.49
9481.19
7862.79
7978.45
7917.72
4033.63
2507.40
7749.26
1650.75
1217.69
3245.64
6337.17
451.98
199.29
2897.73
9328.29
420.55
9112.83
2768.64
684.53
1041.60
384.23
7926.27
3156.22
5204.02
6936.55
9845.27
6601.76
5484.18
9578.84
5474.72
7033.30
8264.41
907.32
6795.86
4195.99
2244.33
6020.08
9929.81
494.40
2910.55
5356.30
7856.99
9080.17
9524.83
9984.74
5815.91
3910.64
6193.73
4638.51
3437.30
9596.54
3585.31
8824.12
2679.22
3841.06
2850.43
1299.78
5627.00
295.42
8314.77
8255.87
1217.99
4633.63
501.11
489.21
4954.99
1661.73
6049.99
9902.34
668.36
6277.66
6092.41
624.10
8396.56
6089.05
9646.60
5078.89
7434.92
8504.29
3593.55
303.05
8630.94
108.65
5799.43
4833.83
4973.60
1138.95
2942.59
1471.60
4550.31
2866.30
9612.72
6237.68
4926.30
703.15
240.18
8834.19
3016.14
846.28
420.55
4920.80
9502.24
3265.18
9196.45
5519.88
1868.34
8850.98
8857.08
3863.95
5110.32
3541.06
3823.97
4995.88
4181.95
7224.65
5176.55
8436.84
7243.87
248.12
2386.55
9231.85
3775.44
5331.89
8824.12
7687.00
6611.53
7705.92
2591.02
3112.58
1968.44
1284.22
9255.65
1879.02
6520.89
3685.72
8035.22
5104.53
5590.08
7915.28
8008.36
6283.76
1510.97
3515.43
5901.06
4168.22
6235.85
5008.39
2021.85
1216.77
7236.55
428.48
5901.97
2921.84
775.78
7773.06
8206.73
8328.81
1597.95
2166.81
476.39
7057.41
3112.89
1570.79
9266.03
3142.49
7127.29
3831.60
6234.93
1001.62
7190.77
2893.46
765.10
3844.11
4618.06
6985.08
6653.65
9834.28
1249.43
6587.73
9453.41
6320.99
8010.80
5003.20
6020.69
7447.74
3336.89
9332.25
2831.51
5450.30
523.39
4674.83
4631.18
963.77
8063.60
9365.52
9975.89
2639.55
2036.81
4055.91
5233.31
1397.44
4611.96
2460.40
3604.24
9614.86
7724.54
6569.41
722.07
570.70
5993.23
4152.35
3400.68
8458.82
7937.86
1356.55
3086.34
4275.64
9557.18
8215.58
582.29
7902.46
9337.44
9880.98
3602.40
1689.81
8746.60
1388.59
3721.43
5861.08
7277.44
8775.90
4280.83
1040.38
6108.28
4352.24
5815.61
8226.26
9436.32
8950.47
560.93
1516.77
7549.97
8955.35
2606.89
3902.10
701.62
937.22
5256.20
1435.90
7846.61
1691.03
2154.30
6096.99
9302.04
6497.70
3750.11
2656.33
7400.43
3424.48
5652.03
9860.23
4189.28
6469.92
440.38
1241.19
246.59
5368.82
9500.72
5872.68
3672.29
4872.59
6435.74
4374.22
3314.00
1310.77
8627.28
485.55
5299.54
9255.65
8499.71
3520.92
6928.92
6089.05
1055.94
2009.34
6992.10
7302.16
9246.80
3845.64
6576.43
319.22
3728.75
3252.36
9425.34
9680.17
8587.91
9873.96
5906.86
1371.81
9574.27
310.37
9663.08
9143.35
6425.37
7406.84
993.07
596.94
5829.34
7606.43
6040.22
5883.36
6598.10
1684.93
5839.41
6802.88
3608.51
9177.53
4294.56
9131.75
2076.78
1803.34
9138.77
5981.63
8726.16
6216.32
4950.71
5009.61
1410.57
1374.25
2280.04
7285.38
3763.54
858.49
1952.27
631.73
6420.48
5441.76
8607.75
5253.15
1392.86
6223.33
2544.94
4456.62
1145.36
3646.05
3926.82
8288.22
8944.98
2700.89
8409.38
2887.66
2038.03
9637.75
8263.50
3382.67
4229.56
491.96
8043.46
3126.01
9409.77
6740.62
8871.43
7096.47
2608.11
8398.39
395.83
2270.88
125.13
9867.85
4489.58
2782.07
5311.14
8858.91
9748.53
2672.81
1549.12
3683.28
850.86
4062.32
9010.59
9242.53
1848.51
3533.43
6740.62
7018.65
7439.19
4555.80
6639.00
9383.53
1293.68
8757.59
897.85
3534.35
5497.30
3854.18
9459.82
5373.09
162.05
1055.02
9055.76
8636.74
7284.46
9749.14
389.11
9597.77
7896.66
2292.55
5028.23
2639.24
6585.59
6706.75
8564.41
7027.19
2437.21
94.61
1605.88
178.84
467.24
597.55
5164.95
7755.97
2604.75
695.82
2000.49
5879.09
2287.06
9671.01
483.11
5789.67
1732.23
8041.02
2540.06
6262.70
5949.58
1780.45
2244.33
4085.82
2548.91
9138.46
6614.28
7918.94
1416.06
7864.31
5176.85
5842.77
3312.17
5660.27
9869.69
1914.73
1461.84
1666.92
1832.03
2037.72
5191.50
1795.10
6655.78
4460.28
9682.91
5720.39
4655.60
5216.83
899.38
8348.64
7719.96
3822.44
9754.94
3567.31
9307.54
9533.98
4576.86
3095.19
9151.58
3489.18
5940.73
8240.00
9231.54
7039.40
2923.37
7380.60
2578.81
1583.30
4848.78
6984.47
1476.18
219.43
7582.02
8971.83
6614.28
6526.99
8438.98
2239.45
3766.29
785.85
8770.41
1159.70
9548.63
8955.35
8283.03
8861.96
2820.52
4713.28
164.49
8111.51
3296.61
9880.06
1069.98
7602.47
3923.76
3529.47
5033.11
6469.01
8593.40
5105.44
5366.68
4834.13
1746.88
1854.92
3616.14
3204.75
1438.34
5890.07
9622.49
8528.09
2417.37
1190.53
1762.14
9719.84
791.96
5862.30
1428.57
478.23
6838.89
9958.50
808.74
2196.42
7519.15
4183.78
8027.59
4781.95
5262.31
9788.20
8715.78
8201.85
4585.71
4963.84
8067.26
2562.03
3105.26
8059.33
2447.28
9535.81
8504.59
2923.06
4612.26
2946.87
8023.62
6687.83
1607.10
1334.57
2029.18
5308.08
9400.01
294.81
8230.54
7166.36
3318.28
7424.24
8100.53
54.93
8348.34
7672.05
2067.63
1853.08
8358.41
1916.87
5040.44
203.56
8314.16
6577.35
8825.34
1510.67
8540.60
7068.39
2999.97
4561.91
5100.86
2921.54
811.49
9095.74
5347.76
7375.41
1651.05
4619.28
2716.45
9251.38
6675.31
9796.75
9815.06
9928.89
9135.11
7711.42
3880.43
3227.33
5973.39
7324.44
3661.00
1015.35
2255.32
6433.61
1783.20
2350.54
4992.83
6450.39
1673.64
8969.70
7925.35
4305.55
3092.14
4937.90
3821.22
1795.71
5340.74
3272.80
5861.38
7685.17
2210.76
7350.08
4665.98
2871.18
7732.47
9908.75
2529.37
3932.31
6785.18
7466.96
1424.91
5364.54
9636.22
2960.91
6340.22
5823.24
4463.94
4415.72
507.52
8681.29
6937.47
2467.73
4093.75
2214.42
903.35
4545.73
2904.45
9732.35
9254.13
8522.60
8676.11
4957.12
9027.99
3655.81
7507.86
2974.33
9817.80
1623.58
8003.17
2060.00
9535.51
5471.05
5681.02
6698.81
6607.87
9279.15
5217.14
7105.93
2656.94
6369.21
7080.90
5568.71
4734.03
8855.56
130.62
4912.56
1163.98
6356.70
6726.28
9411.30
68.36
6681.11
1923.89
3449.20
4625.39
6296.27
3318.28
8253.73
4129.46
3396.71
3087.86
1999.88
4916.53
1382.49
8812.52
3614.31
213.63
5558.03
4621.11
5576.95
2976.47
868.86
9236.43
6041.44
779.14
3485.52
2474.14
5585.80
6815.70
4044.92
6762.90
8901.33
6078.07
5368.21
5245.83
6738.49
773.34
2461.01
3027.74
8417.92
4039.74
7613.45
3127.54
218.51
6027.10
8407.24
3701.90
9962.16
1403.24
1448.71
8099.61
3094.27
2348.70
9637.13
4310.74
589.92
6100.65
5775.32
5374.61
3982.36
1112.40
347.61
7304.30
7834.10
888.39
6266.37
6095.77
4964.14
9554.43
8403.27
378.73
4739.22
8232.67
720.85
1279.34
9746.39
6277.66
8812.83
6045.72
1153.60
6439.10
665.00
7012.24
8078.25
8012.33
3456.83
2452.47
1267.74
7038.79
9203.47
894.80
6414.08
7622.00
7064.12
5452.74
7403.79
3418.07
5119.79
9739.37
4827.11
3363.14
9437.24
1926.63
52.19
704.06
3229.77
8512.22
174.87
9391.16
3930.17
4352.24
4164.86
6895.35
982.39
531.33
5511.64
7518.23
2174.44
6623.43
1690.42
5246.13
1311.38
8910.79
5753.65
223.09
5055.70
1122.17
365.61
7898.19
1735.59
9255.65
9592.58
4907.38
9940.79
7039.40
8753.93
763.57
9713.13
3607.90
7659.84
9403.06
4152.35
9942.01
7533.19
9659.72
4239.63
5642.26
6940.52
8730.74
4698.63
2597.13
7036.35
7688.53
3703.42
7109.90
1437.42
3108.01
4247.26
7040.62
1039.77
3871.58
9984.13
5535.14
9086.58
7207.25
3353.07
7896.36
6803.80
3032.93
8805.51
3160.80
4917.45
661.64
8934.90
6948.45
1358.07
6931.67
6337.17
7141.94
471.51
9826.04
9000.52
8960.84
4045.53
6643.27
2045.66
992.77
9464.40
780.97
3625.29
8746.91
5307.17
6194.95
7796.56
7282.33
9698.17
3595.08
2177.50
9490.65
1723.38
7446.21
3204.75
1577.20
1228.06
7828.30
6795.86
2317.27
7303.38
6223.33
7238.38
7640.31
776.39
9292.58
2113.71
7112.34
1021.76
9701.22
6067.38
3873.10
2394.79
8059.33
1239.05
4592.73
610.98
5036.16
7167.88
1012.60
4379.10
7715.99
7979.06
9627.67
2597.74
9249.86
9671.93
1077.00
2434.16
5875.12
5315.41
5806.76
8593.10
359.51
968.96
7560.05
9087.80
5931.88
134.59
1263.77
7831.05
9765.01
9560.23
6875.52
9352.70
71.41
4200.87
5743.58
5958.43
5876.64
4155.10
1055.02
2643.82
3527.02
1384.01
8924.53
73.55
9002.35
9028.60
1691.64
940.28
88.20
1137.42
9988.10
14.95
7477.65
5618.15
5135.35
3200.17
8857.69
8221.99
8438.98
5901.06
5049.59
377.51
8938.26
6024.05
2259.90
8684.65
6176.03
1917.78
9509.87
8878.44
9550.77
568.86
5299.23
2083.50
811.79
6360.67
2576.07
6161.08
1265.30
5713.98
6065.86
9967.04
243.84
7919.86
1026.95
3335.98
6414.08
7472.46
7496.26
596.64
8474.38
8222.60
9083.53
436.41
6812.04
4657.12
379.04
9927.06
2679.53
620.75
2041.08
5519.58
6452.83
793.18
7614.06
8829.92
1532.33
5230.26
1154.82
16.17
5454.88
2284.62
9718.62
6572.16
4770.65
219.43
9770.20
336.01
5256.20
2824.49
1586.35
542.62
4018.68
9349.35
706.20
5716.12
5059.36
4063.23
495.93
2227.24
4856.41
5761.28
4889.68
2322.76
9527.88
2519.00
5367.29
9437.24
140.69
2017.27
1235.08
3605.15
7729.42
2744.53
7269.20
4783.47
4576.25
6389.35
7781.61
6894.74
3333.54
6739.71
1179.24
405.90
533.16
5396.28
4071.47
6257.52
6056.40
9615.77
8989.84
8948.03
5121.01
2594.99
4785.91
1595.81
4354.08
1509.75
3765.68
783.41
8505.51
3619.19
4626.61
4000.06
9370.71
5748.77
5253.76
7494.43
3481.55
7467.27
4448.68
7349.77
131.53
3263.04
6639.00
1595.20
6292.61
4042.18
8644.06
6164.74
9990.54
3250.83
2552.26
2512.59
8700.52
7941.53
3773.61
9708.24
4322.95
92.47
8330.33
8808.86
1305.89
8494.83
8449.96
2336.50
9472.95
6514.48
520.34
6660.05
8120.06
6052.74
4470.96
101.93
2947.48
3002.41
8641.32
4582.05
2382.58
4527.73
9201.94
3604.54
4862.51
3466.90
8188.12
4408.70
3634.14
181.59
9208.66
7091.59
637.84
7156.59
4892.73
8515.58
6035.34
6665.85
5139.62
3811.76
4942.78
6821.50
229.50
3298.44
7937.25
6308.79
7860.96
7615.59
6890.77
3128.45
8175.30
8900.11
2702.41
7656.18
5835.44
805.69
6485.49
5325.48
3213.90
5184.79
774.25
9259.93
3759.27
8241.22
2315.13
8153.33
9598.38
3968.32
2998.44
9717.70
2442.40
7686.70
499.89
5011.75
1854.61
7490.46
5191.81
3960.08
9942.93
6415.60
4884.18
7374.19
6541.95
3144.63
3963.44
5792.72
3947.26
4059.88
8484.76
449.23
5259.56
4453.57
3785.82
6682.03
5406.66
1713.61
6183.66
5096.59
8905.00
8294.93
5313.27
796.23
3417.46
7283.85
8675.80
5990.78
3180.94
8379.16
4954.07
6295.05
1353.80
7090.67
7662.59
6034.73
5355.39
4975.43
5689.57
2865.99
4253.06
3720.82
2298.04
7024.75
2266.30
888.39
9145.18
5516.83
7444.38
129.09
6883.75
6563.62
9581.90
3684.80
8909.88
4611.96
6436.05
9988.10
9814.75
1225.01
2306.89
4169.74
5107.58
2162.85
8044.68
4291.51
3773.00
5968.20
6541.64
1113.01
216.99
4366.89
2780.24
4205.45
7176.43
9800.71
2488.78
2226.94
6141.85
396.13
8478.35
169.07
6869.72
7693.41
8712.12
1391.03
2530.59
7436.45
5182.04
7247.54
2072.82
8745.08
7643.06
2130.50
6348.46
1976.99
1276.28
6732.08
9575.79
594.81
2339.55
7341.53
2695.09
7348.55
869.47
3992.43
182.20
87.59
4494.46
5268.10
6878.57
7513.66
2426.53
2578.81
6407.06
187.38
3690.60
1728.26
7731.56
7104.10
8652.61
4572.59
1420.33
3142.49
7912.53
8592.49
2184.21
7712.03
7624.13
7187.72
9242.84
9897.76
5300.76
8507.03
1085.24
426.34
5173.50
5623.65
6191.60
5759.45
7161.78
5873.59
6269.11
4625.39
8520.77
2164.98
3574.94
2310.25
2225.10
4073.92
8879.36
3011.87
1156.35
1535.39
1638.23
5572.68
2150.94
8948.03
8936.74
2905.06
8975.19
2497.02
4759.06
421.77
8288.52
8518.02
6161.08
3779.11
7657.70
5702.69
7892.09
1251.87
9683.52
8968.17
2041.08
1050.14
1303.45
7797.78
4264.35
8888.52
2335.28
6868.19
3154.39
6119.27
2315.13
1771.90
4321.42
3752.25
9706.72
7652.82
5738.09
2657.25
2529.07
3560.90
5922.12
5275.73
4479.20
345.77
1508.84
9147.01
5599.54
4896.08
5784.17
7564.01
1562.85
8538.16
4734.03
7670.22
631.43
2408.52
2178.41
1310.46
2353.59
7613.15
549.94
8948.64
7063.20
2979.83
8876.31
1961.42
239.57
8225.35
4535.05
3630.48
798.06
5342.57
341.81
4129.46
7361.67
6024.05
3528.24
9833.37
1589.71
7932.98
8181.10
2255.93
2618.18
7632.98
7699.51
6928.31
1672.72
2992.34
8834.19
7528.92
925.32
2873.93
3870.66
5583.67
5646.53
6918.85
2521.44
1042.82
3724.17
3245.64
85.45
4050.42
1607.10
6867.89
3440.35
3215.74
737.02
6649.07
1429.79
703.76
3531.30
3604.85
1208.23
9452.50
2978.00
8364.51
7102.57
2831.51
4908.60
606.40
3559.37
2057.25
7008.27
8277.84
8734.70
1671.50
3624.68
9412.21
289.62
8400.53
444.65
4357.13
9960.63
3704.03
8093.20
1225.32
8452.71
5330.67
8719.44
2379.53
7238.38
8187.20
4639.12
4765.77
8803.67
9838.56
3084.20
1907.10
1919.92
948.21
6132.39
370.19
3495.59
5972.78
9871.82
8514.97
3571.28
4422.44
1868.95
344.55
5024.87
8002.26
1000.40
2265.08
4542.99
3941.77
8706.02
5565.97
6426.28
9831.54
5734.73
2436.29
5789.67
273.14
3441.27
8332.16
2717.67
662.86
3691.52
8497.88
3941.47
8409.99
6449.78
1465.80
3596.30
6913.97
9098.79
7337.57
9624.32
2607.81
6563.92
3664.66
7383.65
377.51
6301.46
6738.18
7029.02
7676.02
7207.56
1102.63
6220.59
2638.63
6522.11
5103.61
4732.51
6516.31
3777.89
5283.06
2513.20
5737.17
5866.88
7435.83
7769.10
3910.64
2279.43
7137.97
6627.70
9083.22
4583.88
7560.96
947.90
6562.09
9205.91
7382.12
5835.14
2618.79
7570.73
6606.34
3426.62
9382.31
2672.81
3111.97
4508.50
6235.24
6132.39
7727.29
4528.95
8031.25
4802.09
659.81
5566.27
5434.43
989.10
7082.74
816.98
7706.53
5352.34
4693.75
3168.13
3243.81
6535.23
1062.04
4410.23
8182.32
6603.60
3569.44
6661.27
8380.99
6344.19
9763.18
2556.84
5097.51
9489.43
931.73
5774.71
9667.04
9929.81
6716.21
8452.71
7496.57
978.73
3566.70
7064.12
6690.88
750.76
4862.82
3312.78
1616.57
2711.87
5502.79
1608.94
6723.23
5472.27
8781.40
9691.76
927.76
878.93
8362.38
3956.11
7881.10
4470.05
3163.55
6053.04
2422.25
7356.18
7963.19
2316.05
8541.52
3589.89
7541.43
2589.80
9153.11
2086.25
7170.32
7.63
3004.55
7155.98
7263.10
8295.85
9022.19
6714.07
4997.41
8153.94
3410.14
2227.85
720.85
9284.65
9821.16
9466.23
1958.37
9627.06
7899.11
4108.71
2826.01
8360.85
519.12
1285.44
1669.06
4243.29
5028.84
3102.21
4736.47
5839.72
8803.98
3214.82
8699.30
5210.12
4437.09
2521.44
9833.06
1617.79
4866.79
5027.31
2671.59
6819.06
3756.22
7947.33
5945.92
8494.22
1445.66
5111.54
8618.12
3392.13
1777.09
7733.39
3830.99
6738.49
113.22
1602.53
3576.16
9478.44
7862.48
4767.60
1897.64
9913.63
3814.51
4766.99
9445.17
1296.43
7611.93
9477.22
7184.06
1944.03
5656.91
632.65
2083.19
9432.66
4776.15
4087.34
2583.39
5438.09
3949.71
5874.20
6663.72
2783.90
9420.15
8130.13
321.67
1256.75
3492.23
3944.52
9272.74
3755.91
2337.41
5200.05
1684.01
9335.31
3113.50
2457.96
4761.80
4704.73
5714.90
964.08
2990.81
750.76
9461.96
1823.48
851.77
5635.85
45.78
2418.59
7823.73
1046.48
7041.84
5125.89
8481.09
3146.76
7295.14
8396.25
5503.71
4799.65
4505.75
9261.15
8408.76
623.49
311.59
1325.42
5816.52
1441.08
7191.69
7316.51
4066.29
9685.96
8494.83
237.13
9989.93
2327.95
5912.35
2205.57
658.89
2882.78
9705.19
5023.35
7919.25
9062.47
1994.08
1550.65
517.29
7636.95
8432.26
1943.11
1644.64
3061.92
8566.85
3813.59
4698.32
1441.08
206.00
383.01
5078.89
6380.50
8102.05
5681.63
837.12
8302.56
2262.03
863.67
9980.77
3777.89
6202.58
697.65
7249.98
6439.10
455.03
4296.70
8184.76
6040.83
1641.29
9145.18
3283.18
7224.04
2423.47
2493.67
75.69
4552.75
2650.23
9178.14
5917.23
5381.02
7003.08
9924.31
9317.30
7114.48
9460.43
9207.43
2616.35
430.31
9891.05
6722.31
3825.19
5014.50
3088.78
1530.81
431.53
9383.83
5560.47
2945.95
2997.53
1348.92
379.96
7217.93
1351.36
689.11
5424.05
4083.38
1189.61
592.06
5294.05
2240.67
3903.93
9428.08
2247.99
7812.13
7440.11
9417.40
6444.90
4858.24
1007.42
3757.13
816.98
2005.37
1447.19
8765.53
889.92
4248.18
4073.31
2607.50
4847.25
3991.52
5798.21
7167.58
4170.35
390.94
3357.04
4627.52
150.46
1060.52
4441.97
5314.19
6598.10
5201.57
4558.85
8379.47
4049.20
2223.27
7418.74
1874.75
5796.08
4912.26
1676.99
3783.38
1039.16
1216.77
1834.16
569.48
5487.23
3705.86
6107.67
4813.99
4705.34
765.40
9088.72
8489.33
533.46
8598.90
1997.74
3445.23
5883.66
8086.18
8351.08
5664.24
8224.74
5573.29
7846.00
4845.12
7076.94
1646.47
6287.12
5886.72
5817.44
6960.05
4354.08
3822.14
3118.38
9174.47
3035.07
8779.87
4324.78
72.33
8529.31
2519.61
8085.88
6913.36
4434.03
3118.69
8554.64
7087.31
4034.24
9361.86
8464.92
132.45
496.84
1400.19
3399.46
6179.69
7791.07
9248.02
2563.86
4883.27
141.00
5663.63
6374.71
3904.23
2830.29
4998.93
6178.17
1006.50
2161.93
4560.08
6408.58
8828.70
7394.63
52.80
4503.01
6392.41
2461.32
1674.25
8880.28
6415.91
288.71
2408.52
299.08
2486.04
7523.12
5093.84
6909.70
5158.85
2482.07
9822.08
8305.61
1046.78
4139.53
8230.23
8896.15
3960.08
4959.56
6252.02
5904.11
2155.52
5388.96
1887.57
2307.50
767.54
2823.88
9555.04
33.57
3472.40
2861.11
7585.68
3719.90
2456.13
5646.84
429.70
353.71
744.35
5135.04
2127.75
5105.14
5959.65
4070.25
2614.83
8659.93
9564.20
2503.74
3422.04
6371.96
655.54
2658.16
4331.19
4545.12
8376.42
7952.82
7552.11
4153.26
1995.91
8999.30
979.03
7316.81
2736.29
4385.51
7095.86
6845.61
6392.10
9056.06
9082.92
4159.06
818.51
8100.53
697.96
5899.23
7345.19
8768.88
1486.86
4547.26
173.35
8517.41
3888.97
3356.12
2830.90
1905.58
3800.16
912.20
5734.73
4152.96
1155.13
5639.21
3932.00
4165.17
2091.74
5554.37
9078.95
4849.70
9259.93
3591.72
4719.99
3526.72
1836.30
3806.57
8931.85
250.56
1812.80
8766.75
3389.39
6853.85
8109.99
3450.73
2926.11
4526.20
5092.01
5963.93
4639.12
2743.00
7033.91
379.04
610.68
7350.99
5111.85
2022.16
3306.38
628.38
8471.63
509.96
7707.75
1130.71
5945.31
855.74
9249.55
6131.78
9972.84
7951.60
1619.01
4477.98
9293.19
4744.71
3479.72
2663.05
1969.05
9415.57
8185.98
1939.15
5305.03
1873.53
5545.21
9274.58
4220.71
4881.44
9696.65
9971.92
4648.88
120.55
2162.85
4759.67
3509.32
4510.94
4142.89
9168.98
1832.03
7096.77
7101.96
8006.53
2585.22
1810.97
5728.93
2738.43
9772.03
6433.91
2316.05
4598.53
361.64
3049.71
6629.54
1227.76
5614.19
325.94
327.16
9666.74
3361.00
2918.18
9996.34
3501.39
7806.02
8316.29
7857.30
6989.96
8409.07
6446.12
4216.74
3966.49
4413.59
2336.19
711.08
4347.97
6581.32
7165.14
8422.19
6049.99
2695.09
7996.77
9910.89
5122.53
8397.78
1523.48
9244.97
1925.41
9919.13
2124.39
9075.90
6148.26
267.65
9550.16
8826.26
8489.94
5435.04
6552.63
3057.95
1814.33
2186.65
1766.72
4074.22
9588.31
3994.57
8159.73
7824.34
4417.55
6679.89
2355.72
7171.85
4492.94
321.36
5158.24
1587.88
761.44
8998.99
8570.21
7334.21
2628.56
4930.57
9634.39
7193.21
5010.83
8566.24
6400.65
3816.64
4548.48
1200.60
6335.95
5746.33
7790.15
1670.58
2487.87
173.04
9162.27
3692.74
7713.25
1499.98
1536.91
5413.07
2287.67
9763.48
7210.91
7721.18
5205.85
7985.47
2103.64
2900.78
4484.69
2510.45
995.51
172.73
6783.96
5394.76
6608.48
9694.81
1655.93
2909.02
351.57
1580.25
735.50
9215.37
7536.55
1502.12
7185.58
9283.73
4877.47
9438.46
5706.66
109.87
3092.14
3124.49
8428.60
4295.17
2408.83
2777.49
6990.26
5052.34
3800.16
8650.78
6125.37
6700.34
3747.67
7982.73
9064.30
9709.16
5357.83
2903.53
64.39
4358.04
3636.59
5862.91
4382.46
2070.68
7736.14
4135.26
998.87
8487.81
7987.30
9974.36
8412.12
7338.18
530.41
7971.74
8807.95
9177.83
7355.57
6187.02
923.18
4051.33
4564.04
2608.11
6912.14
2142.40
6668.60
3508.10
3528.24
1475.26
9737.85
5255.90
2937.71
6730.25
1202.12
6151.01
3470.56
8232.06
9133.27
9835.50
5630.05
5180.82
8806.12
6855.07
3663.75
2181.16
9362.47
5923.03
8018.13
3134.25
8380.69
1456.95
8980.68
1557.05
7171.24
8945.89
6828.52
1388.29
4604.63
4711.14
8792.08
7347.64
2289.80
1626.94
8148.75
8905.00
8910.49
7358.62
5756.40
6928.92
6534.93
6681.72
9342.94
7070.22
6711.33
4448.68
858.79
8948.64
9160.74
760.83
7213.97
5200.66
877.71
4909.21
4699.55
9456.77
8460.04
9648.43
2419.20
7301.55
1464.28
2365.49
5033.42
9290.44
9618.21
4705.04
133.37
74.47
1685.54
7213.35
558.49
2705.77
8811.30
564.90
6963.71
2175.97
143.13
9935.91
956.45
7261.27
3559.98
4079.10
4112.37
4724.57
9302.96
5676.14
3180.33
4949.49
9331.64
4513.38
6792.81
3058.26
218.82
57.99
3993.04
4581.44
2388.68
4990.69
9891.05
9743.34
3514.51
6254.16
8758.81
5417.95
8894.01
5188.76
9882.50
8831.14
6604.21
3308.21
6479.38
2053.59
259.10
5284.89
2993.87
1366.92
7173.07
5704.21
1085.24
548.11
4748.99
1150.24
9619.13
2147.28
2902.31
4187.14
8974.58
5811.64
5330.97
796.23
4981.84
7727.59
7446.52
7833.80
2800.07
234.38
3777.58
2069.46
6049.99
5679.80
2658.77
7371.75
1510.97
3572.19
1017.49
1597.03
4700.16
5100.86
7069.61
9751.58
6639.91
4077.58
3738.52
4981.84
7131.57
8370.31
610.37
3964.66
4843.29
883.51
7236.55
8247.93
9529.71
4157.23
5593.43
8116.40
6689.66
7636.04
4519.49
535.60
9981.08
1679.74
3935.06
7744.07
1698.66
7376.32
1658.38
8047.73
6636.25
6212.04
635.09
5388.65
9631.64
8674.58
9388.10
9243.14
2125.00
5840.33
3502.00
1413.92
8027.89
3012.48
958.89
1283.30
4220.71
9474.47
9129.61
6078.98
5995.97
3415.63
6239.51
7728.51
2751.85
6101.87
5122.53
2855.01
4252.45
4336.99
2066.71
7480.70
2768.94
5298.32
8576.01
2998.75
1410.26
2788.78
8848.84
4980.62
3957.95
8984.34
798.36
1372.11
6518.45
726.34
3415.02
1652.88
6303.29
4432.81
8291.57
3511.15
7850.58
8680.38
8119.45
8601.34
2001.71
8527.48
9973.75
3947.26
7943.97
638.75
6190.68
552.69
3628.96
3270.67
659.20
5778.37
4889.07
182.81
3334.15
1054.72
8550.68
2540.67
783.10
1487.78
9869.08
7865.54
5583.97
8920.25
9588.61
99.49
2378.61
5015.11
946.68
9847.41
3404.03
5920.29
1932.74
8852.50
1303.45
5076.45
3107.09
7778.56
2039.86
5733.51
6307.87
1351.97
5716.12
9735.40
4542.38
9931.03
8119.75
4138.31
8385.88
1560.72
802.33
2222.05
9194.62
3582.57
2506.79
459.61
4449.60
7854.85
9753.41
8005.31
5541.86
8648.33
9400.62
263.99
3308.51
7283.55
989.41
3109.84
1639.45
2564.47
1687.37
9304.48
4460.89
1078.22
1639.15
3690.30
6408.58
6420.79
2544.02
8715.78
2508.93
1408.12
7265.24
6849.57
7173.68
2342.91
3287.76
1460.31
7823.42
9389.32
7839.29
2708.52
3453.78
2126.53
7478.26
23.80
3455.92
4341.56
9971.62
7727.90
7000.64
7119.05
1268.35
5359.66
8305.00
4297.62
5384.69
9277.32
8087.10
9351.79
8.24
7083.96
6527.91
7759.64
5642.26
1456.04
8047.12
3924.68
1093.48
4922.33
3207.50
6708.27
3123.57
2164.68
8064.52
2638.33
3069.25
1403.24
6264.23
858.49
8252.21
1422.77
4212.16
8875.70
980.86
5806.15
4619.59
3170.26
2970.06
940.89
8740.81
3736.08
7975.40
9353.62
2613.30
6603.60
467.24
4940.95
7618.03
3418.07
3152.87
1658.07
663.47
2128.06
1155.43
2225.71
4317.45
7851.50
5668.81
8418.84
2184.51
7979.67
4895.78
9500.41
9858.70
581.07
5084.99
363.17
6747.95
169.68
9476.61
5940.43
9094.82
9898.68
7971.43
3446.46
9497.97
4241.46
5336.77
9015.47
3251.75
1225.62
757.16
293.89
6815.09
8278.45
6546.83
1556.14
8719.44
747.40
8833.58
2898.04
8232.06
7162.69
8030.95
77.52
2087.16
294.50
1903.13
6562.40
4593.95
8081.61
9046.30
4346.14
1436.20
3476.36
5584.58
5097.81
2476.58
7286.60
2909.33
8203.38
3877.07
3062.84
9261.15
7267.68
4847.87
8101.14
2971.59
1633.35
9338.66
9619.74
182.81
4482.86
7982.42
176.70
4846.34
4085.21
607.01
1387.68
3821.22
9747.92
4625.69
3.66
4885.40
9042.02
9616.38
5419.17
466.02
7854.85
3408.31
2665.79
4906.16
9841.30
9984.74
9958.19
8080.08
6829.43
4510.64
4850.61
3167.21
6746.42
5806.76
8073.98
1399.58
626.85
1575.06
9105.50
1595.20
5265.66
6690.57
2544.33
7286.60
3076.57
9872.43
9347.21
9262.37
5722.83
9046.60
1989.20
6329.23
3077.18
712.91
7617.73
2110.97
4077.88
3627.43
8250.68
693.99
1042.21
2114.02
2093.57
8932.77
3997.62
9318.22
5028.53
8228.10
6595.97
5712.15
6343.27
3592.33
173.96
3171.79
7761.77
2809.23
7517.62
9926.15
9834.89
3506.58
2897.73
6702.48
4761.19
949.43
9937.74
9373.46
9693.59
4369.64
3875.24
8421.58
9594.41
4644.00
9782.10
532.24
3709.83
1129.49
3301.19
2628.25
4714.80
474.87
5468.92
3657.34
4597.92
5215.00
8178.35
4447.77
6347.85
4962.61
1852.78
942.11
5502.49
8012.33
1886.96
1121.56
622.27
6165.65
5420.70
934.78
6756.80
591.45
5006.56
9544.97
953.70
1534.17
736.11
9201.03
3890.80
9682.91
7384.87
56.15
6675.92
2010.56
8136.85
5237.28
6889.25
9903.56
1458.48
6478.47
2924.89
2381.36
2676.47
5637.99
697.96
2234.57
6824.55
2403.94
1772.52
7878.66
4323.86
3505.66
6983.86
8747.21
6058.53
3737.91
4607.07
7031.16
9405.80
4118.47
7141.33
3578.60
1787.16
7484.05
5768.00
766.62
3302.71
6841.64
6549.58
159.61
5007.17
6785.18
7427.29
7763.60
4394.97
3292.64
82.09
4691.31
4655.29
2212.59
5723.75
6051.52
9257.18
1756.04
8864.10
5870.54
8430.43
9304.48
8144.78
863.37
9103.67
7846.00
8277.84
866.42
4861.29
2354.50
2159.18
8738.06
7483.75
1421.25
7224.34
7549.06
6629.84
4452.65
5100.86
7869.50
9228.19
9749.14
8628.50
2963.35
5138.40
3772.09
5300.76
4710.23
642.72
6918.85
1197.85
8057.80
6332.90
6109.81
4469.44
6823.33
954.62
9507.43
2429.88
8658.41
7771.23
3674.73
1330.91
1981.57
5007.78
8491.17
2870.88
2698.75
6943.57
127.87
6505.33
3521.53
7207.25
7411.73
1622.06
3693.66
844.14
1870.17
8640.71
1943.42
6715.60
6789.76
3099.46
467.24
6790.67
5582.45
1796.32
2764.06
3897.52
4788.05
5039.83
3128.45
4493.85
2013.31
4076.66
617.08
8016.30
4127.02
7759.33
5298.93
9379.25
6020.69
7512.13
9605.40
6176.64
5247.96
4661.40
2587.97
7156.29
2857.14
9193.40
9902.04
3522.75
5726.19
3995.18
7321.09
9639.88
712.61
3653.68
602.44
4682.76
5937.07
1861.32
9514.15
1818.90
9501.94
6501.97
8826.87
6462.60
968.96
6472.06
4101.69
178.53
5902.28
9305.09
5068.21
1792.96
8787.50
3657.03
4414.20
2269.97
4645.53
5720.69
4799.04
4924.77
4648.88
3623.46
1901.61
7528.92
6054.57
8881.50
6317.94
7872.86
1765.19
8961.76
2113.41
9348.74
9833.98
25.03
4854.88
8113.04
8218.33
3903.93
6922.51
8398.08
5107.58
8380.69
2920.93
7525.86
122.38
4832.30
3002.72
7194.13
6710.10
2297.74
6910.31
2593.46
1040.68
2035.89
6556.60
5919.98
7723.01
1632.44
9951.48
5843.68
7646.41
2720.42
4289.38
9497.36
8265.63
1377.91
1008.94
8546.10
1639.15
5262.92
638.14
5904.42
533.77
6548.36
235.91
4656.51
7908.57
4722.43
1246.99
5749.08
88.81
8312.02
574.36
6013.67
8947.11
9596.54
2693.26
3086.64
3396.41
1372.11
5606.86
8783.23
5516.22
9829.10
8465.83
7491.99
1615.96
2602.92
3658.56
1152.68
3558.15
6068.61
1189.00
7378.15
639.97
929.59
8149.05
2279.43
7361.98
175.48
1102.02
4568.32
7381.82
8462.48
4192.33
2482.99
8976.10
6980.80
783.72
115.36
2315.74
2878.51
1451.16
4691.31
3873.10
7292.40
6129.34
1372.11
8266.85
1056.86
3235.88
7137.06
2864.16
2153.69
3577.68
311.59
5448.16
3958.56
1857.05
7301.86
262.46
8353.22
3586.54
3097.63
2751.24
2761.31
227.36
7111.42
8297.68
5178.08
361.34
905.18
5284.28
6241.95
9713.43
9382.00
7778.56
2426.83
7829.83
1990.11
8161.56
9407.94
4235.05
5515.00
5009.61
9663.69
1868.34
5010.53
6543.17
3381.76
620.75
4441.97
4953.46
6727.19
8781.09
3595.39
1922.36
6534.32
5205.54
2820.52
644.86
5489.36
22.58
2167.42
4667.20
6864.83
6684.47
6480.00
8855.86
2862.03
3178.50
3010.35
2806.48
5636.46
5213.78
3114.72
2008.12
5055.09
9189.73
4592.12
7071.44
2258.37
7762.99
6232.19
6338.69
3083.90
5828.12
1132.54
2183.29
417.19
9714.96
346.08
6313.67
9528.79
7426.07
3426.01
4393.14
5462.51
2718.89
7423.63
5290.99
6540.12
850.25
910.06
5270.55
3036.59
8791.77
4577.78
2436.29
5098.73
7730.34
4986.72
1742.61
8959.62
668.66
3016.75
5886.10
5521.71
2933.44
3592.03
2383.50
361.03
8406.63
8235.42
2161.32
9222.39
9292.58
7017.43
9953.00
8063.60
2232.73
1463.06
1832.64
1715.14
8581.50
4978.48
185.25
214.24
1650.14
2357.86
1433.45
6876.74
8743.55
4936.98
6829.13
7170.02
785.85
2952.06
1624.81
2450.94
7365.34
1669.67
2936.19
7627.49
9993.59
2847.68
1608.33
6808.68
1405.68
8090.46
8399.61
6007.26
3705.86
5661.79
9791.86
6954.25
3171.48
7317.73
3744.32
1087.68
4534.75
6720.79
701.32
7784.36
2543.72
5998.11
164.80
5885.80
3624.68
2007.81
8147.83
2594.68
5454.27
8874.48
5815.91
8790.86
7252.42
8355.97
4637.90
4839.01
8612.63
4606.46
8348.95
5947.45
9678.95
4894.86
7041.84
1136.51
482.50
2842.49
3704.03
4888.15
2252.27
5745.41
8504.29
5528.73
8508.87
2537.61
1147.19
9416.49
8758.20
3965.27
6609.09
4988.56
2593.16
1526.23
4560.08
5738.70
7020.78
6744.59
7795.34
6177.86
4821.01
7340.01
9979.25
9848.93
6756.19
1850.34
8019.04
3454.08
5438.40
9280.07
9383.53
6158.64
3671.99
5322.73
9668.26
8130.44
5078.58
1736.20
735.19
7383.04
9821.16
419.02
4726.71
8980.99
3237.71
8758.81
4269.54
5670.95
199.90
7811.52
4188.36
4000.37
3002.41
9876.71
5030.67
4989.17
5604.11
7029.02
3721.73
3411.36
2026.12
7169.10
1663.26
4755.39
1726.43
9156.16
5582.75
3921.32
9755.55
3585.92
1451.46
4719.99
4511.25
775.78
6779.99
4232.31
906.09
2517.78
1606.49
1099.28
1753.29
9165.93
3487.66
1796.32
5190.89
8615.99
6807.15
3959.17
951.57
8743.55
1711.17
824.92
3295.39
9862.67
2988.07
5846.74
3410.44
8762.17
4199.96
1546.98
9104.28
892.36
7379.99
1673.64
4589.07
2254.71
3611.26
715.66
8178.66
7561.88
4795.98
9848.93
706.50
6230.35
1926.02
3366.19
2482.07
2768.64
173.96
4661.70
1590.62
3119.60
6110.72
5824.76
1357.16
3524.58
7364.42
9913.94
9780.57
3469.04
33.27
9965.21
8752.71
9273.05
4167.30
3803.52
5877.56
9887.39
2625.51
8717.31
6698.81
1460.92
3625.60
5056.92
148.32
2240.06
2298.65
2824.49
5034.94
4359.57
1559.80
311.59
374.77
4094.97
7606.74
8852.50
7386.70
7132.48
360.12
2750.02
5956.60
418.10
4159.67
8445.08
3390.30
7158.12
9024.02
1980.65
8261.97
6518.14
7790.15
8834.50
7171.54
4599.44
9445.78
5172.89
7229.53
8242.13
3963.74
4597.00
2070.68
8224.43
8955.05
9437.54
4220.71
3420.51
3447.07
661.95
1619.92
2475.05
9107.33
5461.29
1120.64
4563.13
4218.57
6569.72
6769.92
5790.28
721.15
2389.60
5689.26
2803.74
9634.39
1978.21
9365.52
172.43
5168.31
3958.86
3162.94
3096.41
2841.58
3422.35
1872.92
2012.39
1912.90
5878.78
4107.49
658.59
7443.46
2320.63
3357.04
4155.40
2299.57
4466.08
8518.02
8670.00
4411.15
4233.83
1706.29
9224.52
9593.80
6526.99
6170.54
7213.66
5251.01
9371.93
2110.66
4188.67
5269.33
489.82
3225.20
3475.14
1415.14
4352.24
1787.77
6185.19
1549.12
8789.03
5076.45
3185.52
9969.18
5208.29
959.20
9587.70
193.18
1495.10
5454.57
3317.06
5501.88
1645.25
76.91
4328.75
7538.38
1201.21
1778.01
6029.24
8294.63
2550.74
3300.88
5468.61
5785.70
9153.11
6754.36
3863.64
8730.13
2750.33
8224.43
4016.24
542.01
2632.83
6231.57
6188.54
7959.84
1015.66
1850.95
8998.99
4607.68
3592.33
3301.19
6895.96
4817.65
9324.32
2821.74
783.10
8014.77
8534.81
8647.42
3345.13
8982.51
3363.44
9891.35
5645.62
4317.76
9648.43
7151.10
6558.73
393.38
4292.73
6653.34
1591.85
3132.42
7188.94
739.46
2668.54
4914.70
1748.41
2519.00
5428.33
8923.61
3113.19
7489.24
5609.91
6246.83
8102.66
9943.24
1080.36
6044.80
5960.88
6976.23
1067.54
4094.36
3970.15
7899.72
9165.93
28.08
6987.21
1879.02
1670.58
8576.62
4968.41
1608.33
7811.82
5123.45
7547.23
5829.34
3438.52
894.19
9722.89
8513.14
4728.23
8084.96
7726.68
7513.66
3475.45
241.71
9125.64
506.00
525.53
8212.84
6226.69
1024.51
8916.29
6972.56
6844.39
2406.69
3286.84
3642.08
1494.80
2464.06
7121.80
2011.78
1078.22
6686.00
4386.73
3880.43
4110.23
2792.14
7123.94
2522.35
7567.98
4444.41
5563.22
8597.98
412.92
6931.36
2320.63
3816.34
3850.83
2638.02
7236.55
2666.10
7390.97
9115.88
4422.74
7522.20
4771.26
7556.08
8080.08
7447.13
8808.86
4494.46
8646.81
5995.06
9236.73
4544.82
5840.94
8332.16
2593.46
6982.63
162.36
2985.02
8226.26
3987.55
9410.69
8532.06
9466.54
3361.92
1786.86
547.50
4048.59
3529.16
2143.01
9114.05
2825.40
3634.14
2931.00
2209.85
849.33
6552.63
6428.42
5292.83
9878.23
7621.08
9793.08
2383.80
6369.52
6906.03
9511.09
8969.08
4025.39
7816.71
6805.02
2030.40
4951.93
9879.76
559.10
7517.93
8492.69
8488.11
9328.29
574.05
1800.90
9431.75
8988.31
8828.39
1214.03
1028.17
7598.19
4065.98
8489.33
1664.48
4028.14
2592.24
965.30
5557.42
1920.22
9598.68
9715.57
4553.36
5545.21
7844.48
4745.32
8773.46
9114.35
5970.34
1311.69
3919.49
6111.64
6749.78
6409.80
8053.83
209.66
597.86
9503.46
5660.27
4326.91
4643.70
6554.16
1808.22
9393.60
2682.58
1413.92
4222.85
9387.19
6320.69
3645.44
6079.29
4201.18
2622.46
6825.77
7332.68
6905.42
8574.17
6407.06
7394.33
6965.85
7677.54
1185.34
6969.21
5982.54
8984.04
7449.26
1866.21
7511.22
3882.87
9862.97
6592.61
7527.39
956.76
8153.63
546.28
7098.61
4214.30
3659.47
4620.20
3826.41
5015.41
4805.14
1025.12
3620.41
3000.58
5564.44
4152.96
9365.52
6336.25
5975.22
5283.67
8047.73
6588.34
8764.61
8953.21
2898.34
8539.38
1153.90
3795.59
2122.87
256.05
5899.84
5668.81
768.76
3727.84
634.48
5878.48
7307.35
1378.83
9573.66
2312.08
1479.23
8776.82
6644.18
6295.97
4975.43
8841.21
4107.79
2985.63
1511.89
7871.33
5727.71
8107.85
7860.35
8701.44
8553.73
8858.00
2399.37
1296.73
2380.44
1773.43
2748.50
6106.45
946.68
5391.09
9044.77
477.92
3931.39
501.72
4427.02
3455.61
3816.64
5817.13
9291.36
9266.95
6675.31
1854.61
875.88
4814.29
944.24
863.67
4743.49
1482.59
3255.10
5595.57
9716.79
6577.65
5369.43
4732.81
2837.31
4701.07
1297.04
7794.73
5904.72
4385.51
8648.64
7324.44
159.92
292.06
3290.20
1177.10
676.60
6287.12
1362.65
2715.23
7021.09
9711.60
7722.40
1727.35
1744.74
2152.78
4875.64
3884.09
3271.89
7036.35
1460.31
1538.74
4742.58
9340.50
4341.56
3689.99
5376.75
7757.81
3384.50
7916.20
5919.68
4607.68
2962.43
2096.32
4732.20
3817.26
9270.61
8727.07
6088.14
2277.90
7496.57
9649.95
7239.30
4897.61
7923.22
4002.81
5816.22
8652.61
5015.41
7205.42
4120.61
5960.27
8558.61
3791.31
1875.36
2675.86
911.89
1903.44
3994.26
1035.80
9436.32
2257.76
4934.54
2849.51
8159.43
9396.95
6191.90
3262.73
7743.77
8036.44
8505.51
395.52
7817.01
2326.12
5329.14
1175.57
727.26
831.32
9138.16
8671.53
789.51
5048.07
7126.68
1244.85
8077.64
4269.84
7866.15
8833.28
834.68
4610.13
5480.21
6667.07
5558.34
5001.68
2902.92
1750.24
8820.76
7978.15
781.27
2400.28
9893.80
8053.53
3585.31
6169.62
8234.20
5512.86
9486.68
6458.02
4897.31
8426.77
5569.63
3129.37
1937.01
696.43
4938.51
7444.38
8857.69
8952.91
7277.75
6622.21
177.01
6109.20
9436.32
8344.68
3169.35
4392.53
7591.17
511.19
9842.52
5655.38
7555.77
6564.84
2216.86
1787.77
4797.20
1692.56
4971.16
3039.95
719.63
220.04
4507.28
7064.73
6783.96
9509.57
8509.48
6497.09
3017.36
673.24
5051.73
7882.32
2485.43
1417.28
5318.16
9762.87
8276.92
1325.42
9000.21
2737.21
4577.47
4897.00
6431.47
9306.01
8383.13
2653.28
6523.03
6313.36
3422.65
5619.07
4564.04
7801.14
2849.51
3499.25
8944.67
1083.41
2265.08
1857.36
870.08
3857.54
9638.05
8610.80
6125.06
5161.90
3677.18
5154.58
2949.92
7994.93
7229.22
2428.05
5094.15
6405.53
7253.33
7234.11
4107.79
4869.53
7943.36
9125.03
9933.47
2764.06
8556.17
3166.30
3860.90
1751.15
2509.23
8895.84
2909.02
8884.24
9311.50
780.66
9695.73
3249.92
5886.10
496.84
6855.68
8958.71
8854.03
6331.98
76.60
2292.55
4333.02
33.88
8807.34
5829.34
6822.11
6411.63
8704.49
7348.86
3729.06
6001.46
4881.74
6338.69
7104.10
6114.38
21.97
5908.69
9144.87
571.92
6413.16
2930.08
3032.01
3450.42
5974.61
4207.59
5660.88
7135.53
7333.90
1500.90
3828.24
10.68
4015.63
3205.05
439.77
4087.04
2808.01
5503.71
2300.18
7881.41
6366.16
808.74
6045.72
4868.01
9115.27
6296.88
3785.82
2804.96
520.65
353.71
5014.19
4253.36
4781.03
9747.00
6349.68
3598.74
1008.03
5327.01
5673.70
891.45
2962.13
9080.78
2225.71
7814.87
2395.70
343.94
9214.76
6093.33
5077.67
3985.41
515.76
3657.03
3550.22
8377.03
8010.80
8871.12
5692.31
5961.49
1133.46
8143.86
3143.10
4230.17
5188.45
7227.09
8650.47
9923.70
9998.78
1521.35
6410.41
4266.18
5448.47
5693.84
4456.01
2051.76
5484.18
7929.93
3159.28
2383.80
7134.31
9122.29
8909.27
3894.16
6110.42
2316.05
7026.89
2243.11
5554.37
2720.11
2985.02
2717.98
9490.95
3597.22
5986.51
5742.97
7551.19
8343.76
3970.46
8110.29
2526.93
4076.05
4107.18
7747.43
7321.70
7032.99
7843.87
4830.77
2854.40
5104.53
4560.69
7061.68
3488.57
7804.50
2908.41
1912.29
1537.52
8997.16
3878.90
3659.78
7419.35
2687.46
4677.57
8014.16
7014.98
7195.65
7462.39
2160.10
2797.33
8015.38
2003.85
3020.72
294.20
4683.68
6338.08
1553.09
6442.15
1962.04
4464.86
5896.48
1399.27
649.43
5166.48
1176.18
379.04
8334.30
994.29
8784.45
7063.20
5401.78
1500.60
2941.68
5160.99
6607.56
9766.23
7359.84
9674.67
3530.99
6293.22
9812.92
4436.17
8217.41
9325.54
7430.95
7473.07
3326.52
5653.25
530.41
771.51
9097.26
972.93
7790.46
5994.45
2439.04
3856.32
589.62
2721.03
8467.97
2397.84
9317.30
766.01
9794.31
7600.63
9466.54
3146.46
3877.07
2559.89
328.07
1251.87
3758.05
1514.63
4093.45
8787.80
2487.26
7821.89
8179.27
6048.16
6550.49
4917.14
8587.91
1083.41
8616.29
9333.17
7116.92
9327.98
4908.60
9822.08
226.45
8240.91
7524.34
1662.34
2380.75
8537.55
7001.56
197.76
1673.94
8556.47
5455.49
2680.44
554.22
3341.17
5594.65
2475.36
9457.99
4985.81
5925.47
4692.83
6165.96
5816.52
7463.30
7306.13
8696.25
964.38
2259.59
6822.72
4542.07
1899.47
9056.98
2567.83
4073.31
7478.56
6384.78
8643.45
907.01
4080.32
8412.43
7625.35
7066.87
1383.40
3865.17
5062.10
5735.95
5348.67
3319.80
8836.02
9424.42
4976.04
5193.95
2450.94
6355.48
4388.26
5735.34
6308.48
2889.49
6813.87
3331.10
6032.59
4795.37
2022.77
2444.53
1910.76
5179.30
3785.82
7492.90
8510.09
1890.62
8911.71
1978.52
8528.09
2209.54
4432.51
3190.10
9951.17
7633.59
4494.16
7776.42
568.86
6573.08
3516.34
8518.33
8921.17
7772.76
7185.89
7599.41
5725.88
2263.86
7842.34
6696.37
4865.57
6667.68
5823.24
9196.14
7980.59
5656.61
3327.43
4855.19
1742.61
6389.05
2359.39
2214.42
1863.46
2730.19
3321.63
9077.43
2906.58
2069.16
5809.20
6368.91
7960.75
2547.07
8178.35
5685.90
7239.91
3506.58
7444.38
5851.31
9671.93
6978.06
6074.40
8783.53
6536.76
3013.40
7238.99
9996.64
1218.60
6678.98
5080.11
4040.65
4134.95
9521.47
1564.99
196.54
6901.76
3318.28
6480.61
8736.84
4800.26
8929.41
2137.82
3064.67
1608.63
8052.61
9344.77
8047.12
5857.42
707.72
6210.52
9848.63
2572.71
6253.24
6346.32
7582.93
9574.27
749.23
8019.96
2094.79
2379.53
8484.15
833.77
2180.55
6793.12
469.68
1481.98
3564.26
3225.20
7726.37
5152.44
939.97
1816.16
2160.41
4137.09
8393.81
2424.09
2856.53
211.19
8514.36
8535.72
589.62
2344.74
5511.64
9167.76
8373.06
6306.65
2648.40
7817.93
853.60
7729.73
9302.35
2530.29
370.19
5190.59
7968.99
6135.44
2479.02
4876.55
6518.75
728.78
8769.49
3392.13
6021.61
5451.22
9773.86
275.89
9447.92
1629.99
5790.89
6786.71
1562.24
4349.50
8428.60
2519.00
5323.65
4507.28
683.31
6417.43
5095.37
420.85
8368.79
3743.10
1991.94
3050.02
700.09
5564.75
1661.43
3892.64
2856.53
2327.04
9824.52
9620.66
8324.84
8067.26
5878.48
2513.81
3841.36
6836.45
9882.20
761.74
4747.46
7891.48
3229.47
7686.39
3562.12
1218.60
8329.72
3955.81
9593.80
9952.39
7602.16
1848.51
2398.14
1248.82
7100.13
5630.97
6897.79
2183.29
5077.67
7108.68
2971.59
2224.80
807.82
419.63
7332.38
8858.30
3970.15
5126.19
498.98
7912.53
9913.94
1667.53
6682.64
5158.85
1115.15
8245.49
9391.77
740.38
137.94
3189.18
574.05
2997.53
4409.31
1878.72
6108.28
3247.17
8125.55
2276.99
5450.00
8086.49
1598.56
8138.98
8256.78
773.34
3358.56
3959.47
5794.55
8257.70
5318.77
721.76
9944.15
5410.93
6322.82
6508.38
7614.06
3034.76
4382.46
1039.16
3380.23
1194.80
2918.79
8196.66
8159.73
4452.35
1320.23
5601.98
6728.42
550.55
5128.64
5305.64
1905.58
9125.34
6168.40
4652.24
8205.82
1989.20
7928.10
1384.62
2776.57
1570.48
6508.38
2047.79
6436.96
9051.48
2450.94
7757.19
2622.15
8778.04
3756.22
6392.41
7054.35
503.86
5405.13
5278.79
5945.31
6028.02
5700.55
3420.51
5549.79
1785.33
4733.42
7345.81
877.10
3964.66
5293.13
9629.81
6376.54
7700.43
1529.89
4152.65
6405.83
6914.88
5686.51
7163.00
8300.73
6364.94
8203.99
8199.41
5850.70
2458.27
1523.79
9942.32
6002.08
4402.60
2892.24
1049.84
6590.47
2248.30
6478.47
1049.84
7926.88
3389.08
125.74
1339.46
6039.00
4081.85
7041.54
1364.18
388.50
7548.45
7741.63
4033.63
3872.19
5220.50
2562.03
9439.07
7919.86
2696.31
47.91
933.26
504.47
6959.75
1536.00
2638.02
9873.96
6438.18
7238.38
2435.99
1815.85
449.84
4144.72
9518.72
3275.55
9612.42
1054.11
541.40
126.96
3766.59
1045.26
3462.32
1923.58
8986.48
6702.17
3109.84
1427.96
230.11
8407.54
7559.74
1742.61
1201.82
1013.52
9369.79
8852.50
7978.15
9204.99
742.52
2383.50
7970.52
6863.31
6676.23
2405.47
781.58
752.59
5165.87
5075.23
2517.78
3830.07
8518.33
4941.56
120.24
8498.18
4842.07
6726.89
7281.11
5112.46
3776.67
4388.26
8499.71
6057.01
5522.02
279.55
2851.34
692.77
7231.67
2223.88
4021.12
1505.48
5830.26
1306.80
8171.94
6750.39
1321.45
8205.82
6205.02
9918.21
9645.68
867.03
1981.26
1326.33
9149.45
1344.04
3058.26
2156.13
9734.49
4605.24
5510.42
6237.68
8741.42
7130.34
9395.73
9907.53
2634.97
8102.97
6425.98
5240.64
8554.95
1012.91
6410.41
6975.92
4788.35
8482.31
4027.22
8445.39
4235.66
8124.94
2493.97
6819.06
9922.48
2255.62
5690.79
2979.52
6626.48
9258.71
5306.86
6338.39
7683.34
9428.08
4566.18
9904.17
1023.90
3094.27
5098.73
5918.76
3520.00
3848.08
8520.46
7373.88
7687.31
4675.13
9278.54
5715.51
9816.89
9810.79
333.87
55.24
3595.08
134.28
8234.81
8196.05
8274.18
4907.07
9147.01
4788.05
5454.27
7672.35
2406.08
6926.48
3544.11
9127.78
3151.34
2500.38
3957.03
4782.56
601.83
1612.29
8111.51
213.02
3541.06
6372.57
9289.83
1727.65
9571.83
9387.80
8427.38
5255.29
9702.44
6251.11
7888.42
1267.43
4826.20
2352.37
2291.33
8550.68
5662.10
9313.03
449.54
4634.54
2707.91
1363.57
7485.58
5698.72
7782.83
6978.97
1185.95
3759.88
3709.83
6073.18
1655.32
3957.64
3707.08
8079.17
8335.21
9752.19
7048.25
1216.77
3444.93
8842.43
2553.79
8265.94
5916.93
7621.08
6480.30
9154.33
4877.16
6977.14
6362.19
5677.36
6741.54
7256.69
7376.63
8656.88
4988.56
5198.52
2788.48
2853.48
6667.68
654.01
5040.74
9948.12
4711.45
5905.03
9050.87
4898.22
109.26
5390.79
4278.69
5991.09
3006.68
8659.63
7123.94
3894.47
6794.34
4353.47
220.34
29.30
4246.35
8041.32
185.25
9568.16
9772.64
1713.31
389.42
9374.68
6846.83
7746.51
309.76
6201.06
4672.38
5154.88
8024.23
5446.33
3151.04
939.97
7416.00
5797.30
210.27
4349.80
6646.32
60.12
562.46
6858.42
9460.13
7495.35
9947.20
5685.60
5883.05
7968.69
3927.12
3659.47
3881.65
3232.83
5296.49
3241.37
8536.33
5648.37
9165.93
7524.64
300.30
9660.63
9783.01
6014.59
8903.47
6339.92
8158.21
8011.11
4459.36
6306.04
4549.09
1396.83
2347.18
1337.02
4874.42
9652.39
3421.43
9988.71
5113.99
4901.58
6117.44
7525.56
2759.48
9810.48
2014.53
5483.26
9380.78
6140.32
1418.50
1171.91
3364.06
2777.79
526.14
2433.24
6893.83
1048.31
6733.30
7963.81
6229.13
127.57
3650.32
8516.50
9348.43
362.56
2389.60
9296.55
17.09
7316.51
681.17
8857.39
2345.96
4347.36
6384.78
4815.21
4896.69
6535.84
6959.14
1692.56
8404.19
3771.48
1451.16
1201.51
6173.28
5812.86
6566.06
283.82
1212.81
7133.70
3381.45
7214.27
9173.56
4362.93
6270.64
1083.41
1143.83
4140.14
594.20
4976.35
5378.28
4189.89
723.59
8146.92
2007.20
5431.99
4958.65
7516.40
9803.77
7940.00
8903.78
3796.81
9059.11
8559.53
3861.20
2556.23
9635.91
2999.66
1810.66
5539.11
8260.45
209.97
3527.94
2551.04
4112.67
1851.86
1414.53
9224.83
6784.26
4685.20
3594.78
976.29
5656.91
8673.67
846.58
8464.92
4773.71
8626.36
2926.11
4869.53
2258.37
2188.48
5848.26
294.50
8349.56
1990.72
6688.13
3617.36
1108.43
4770.65
7464.52
7087.92
3868.22
5280.31
4665.98
3996.09
3480.64
7792.90
5988.65
4719.69
3429.36
3015.53
836.21
1459.40
865.20
3230.08
6159.86
6982.02
1633.96
3463.85
4185.92
7678.15
2351.45
1511.28
3606.37
6247.44
3592.64
4615.31
784.02
4328.75
3259.38
5619.98
2542.50
381.79
4181.65
6409.50
7100.44
3134.25
5024.26
1445.36
4712.06
5910.82
8553.12
9212.32
4577.47
2150.33
6328.93
4386.12
9585.56
7431.56
3890.19
8541.52
5449.39
8307.44
5485.40
2199.47
5803.40
3277.99
2417.98
6044.50
9813.53
6196.78
4069.34
4104.74
3874.02
7435.22
5658.44
6724.75
3948.79
3111.97
1802.12
6132.69
116.58
7702.57
9940.49
2417.37
9889.22
337.23
2683.80
2729.58
1857.97
107.73
3155.31
1516.77
6240.42
685.75
2375.26
4607.38
3877.07
9572.74
2767.11
4952.54
253.00
2289.80
6832.18
2844.63
6100.34
6824.55
5068.51
8416.39
1141.39
8639.18
2186.35
9240.09
2547.07
1562.24
5689.87
837.43
4654.68
4869.84
5880.92
2911.77
1525.62
1869.87
1355.63
9112.52
8895.84
304.27
9049.96
3151.04
7078.16
9880.37
2894.38
9076.82
1393.17
7240.21
153.51
8522.29
1674.25
3689.08
9494.31
2736.29
7421.49
5987.43
9861.14
2214.73
159.31
5520.19
4211.86
1740.47
9569.69
6161.08
7181.62
3645.74
4947.97
6137.88
730.31
7110.81
8563.80
4216.13
6848.35
6309.70
2469.25
5511.64
1366.92
5215.92
5335.25
7240.82
7952.21
1881.47
862.76
9730.83
6330.76
10000.00
4343.09
2991.42
3822.14
567.34
8923.61
4168.22
4229.87
1456.34
8142.64
6185.49
3160.50
7707.45
6297.19
2894.07
3830.68
358.59
3205.97
1036.71
2424.39
6624.65
4926.30
4340.04
7064.42
9232.46
6994.23
48.22
9458.91
7730.03
1743.83
3213.29
3285.32
9584.34
6274.61
9048.43
8379.47
3870.97
2620.32
8661.46
4779.50
5378.89
6693.93
8480.79
5705.44
1934.87
7558.52
8684.65
3520.00
2764.67
3596.61
944.55
7743.16
700.09
7137.06
801.72
9178.14
6049.68
4096.50
4981.84
9216.90
4937.28
209.05
8963.90
8378.55
9929.81
396.13
5117.04
3153.78
5760.37
2844.94
6716.51
5208.59
7963.50
4357.43
8147.53
2015.75
7229.83
8528.70
6617.02
2974.94
7300.03
3322.24
5680.10
81.79
9202.86
9602.04
5895.57
7212.74
9655.45
7182.53
2922.15
7082.43
6435.44
9962.16
8370.92
9942.63
8538.47
6700.34
3720.21
3079.62
3933.23
9003.88
2613.91
5177.77
2727.44
3078.40
1847.90
4603.72
8554.95
6817.83
6361.89
5684.07
5998.41
8781.40
8546.71
2031.62
6861.48
634.17
7181.92
985.14
3098.24
9603.87
6313.67
8223.82
9219.03
2518.08
9386.58
6622.21
1975.16
7992.19
8941.92
8404.19
150.15
8315.99
7195.65
4660.48
2252.27
7615.89
7807.25
1293.68
4936.37
7848.45
4151.74
5448.77
9956.05
9185.77
4409.92
1495.10
2467.12
6359.14
8785.06
624.71
8490.86
7524.64
9162.88
3122.04
4344.92
7206.95
6524.86
7375.41
5868.10
9889.83
6429.03
4685.51
233.77
5813.17
7866.45
3942.38
8180.79
5540.02
5812.86
5223.85
9462.26
4855.49
2782.68
6382.64
9331.34
6558.73
9698.48
1687.37
8874.78
714.44
1390.12
6573.38
7006.74
9922.79
7037.87
7571.03
6933.50
1168.86
862.45
1471.60
4906.46
822.78
3390.91
2795.50
4069.34
4339.43
8593.40
3621.33
1218.30
7234.41
7215.19
4842.68
9283.73
8886.07
1611.99
2912.08
3345.74
5737.48
2402.11
1136.51
3000.27
5451.52
2246.47
9585.56
8883.02
8587.30
7070.22
2675.86
6166.26
9358.20
38.45
8493.91
2842.80
2034.06
8600.42
8918.73
5604.42
4552.14
9906.92
4608.29
1133.15
5894.65
4926.30
3913.39
5614.19
8800.32
6560.56
9776.30
282.91
4370.56
2075.26
3682.67
5822.63
132.15
5164.95
727.87
3418.99
8120.37
7954.34
4855.80
5288.25
4540.24
8255.26
8337.35
2492.45
7579.27
2390.82
4551.23
2849.51
4920.50
8898.59
8126.47
6755.88
7529.22
3422.04
1510.06
3729.06
1269.88
110.78
2025.51
7489.24
2919.10
9833.06
8478.96
2383.50
2132.94
518.81
1380.05
8976.41
5936.46
9945.98
5841.24
1606.19
7294.23
6275.83
1208.84
5732.60
4325.39
6660.05
6502.27
7877.44
1725.52
9223.61
5710.93
5979.49
958.59
8739.59
2020.02
2967.31
780.66
1308.33
5024.26
1372.72
4657.73
8353.53
9990.23
1787.16
6641.44
5244.61
3234.05
2979.52
2262.64
4864.35
2675.86
6490.07
6010.93
1427.35
7629.02
3502.91
1952.88
4867.09
6893.22
6823.33
9062.17
1098.97
9210.18
5759.15
7816.71
8478.96
5143.28
6729.64
9629.81
5761.59
4448.99
7405.62
5672.48
1877.50
7994.63
7199.62
6657.61
2840.05
8294.02
1915.65
138.55
6090.58
7715.69
5371.56
6894.44
7599.41
8430.13
5806.15
2954.50
2034.06
3158.67
9884.64
8836.63
1304.97
784.94
2113.41
2548.60
1802.73
5891.90
2479.32
7926.27
5640.13
6287.73
120.85
4862.21
6208.69
7582.63
5850.09
2995.09
3366.80
8876.92
1333.66
5416.73
8568.68
8629.11
7745.90
3960.08
5243.08
4757.23
1707.21
2634.97
4745.32
8044.98
1322.06
768.15
3183.69
2908.11
122.99
2413.10
9436.63
4590.29
1742.30
3593.25
9677.42
6842.56
3114.72
3938.41
8712.12
9156.77
9030.12
4279.31
3448.29
7612.23
5845.52
6760.77
8804.59
8396.86
7169.71
9037.14
1372.42
8067.87
9333.78
9113.13
1148.11
9610.89
9458.30
2389.29
6639.61
8365.73
3930.78
7481.31
3667.41
6876.13
106.81
2365.49
3168.43
2726.52
9046.30
7425.15
8316.29
8432.26
2093.57
6948.15
6270.64
7441.63
9125.34
5648.06
4867.70
5312.66
1262.55
1766.41
9564.81
131.53
5875.42
3317.67
951.57
1228.06
6678.37
9043.55
8140.20
255.44
6742.15
635.40
8345.59
3698.54
7224.34
7790.46
7971.43
866.12
9636.22
2658.47
5511.95
6437.57
4457.23
5251.93
1582.08
1619.31
3910.03
6368.60
6389.05
2982.57
1707.21
9601.73
9958.80
3032.01
7584.77
8992.28
5428.02
1580.86
9430.22
3887.75
715.05
1988.59
824.92
7572.56
8883.63
1320.23
6807.46
1227.45
2506.79
8500.63
5668.20
9787.90
2352.37
9512.31
9599.90
1253.70
5693.84
3712.88
1998.96
6023.74
4562.52
324.72
4247.87
7809.08
9256.26
9163.18
9776.60
2691.43
7411.73
4665.98
8223.82
7891.17
3957.03
7287.82
7510.60
6799.83
2256.54
1315.96
6632.28
1849.42
1757.26
3180.64
6989.04
1774.35
2453.38
9309.98
5062.72
4829.25
1479.23
7601.55
4253.98
4528.64
2144.54
1570.48
8691.67
9466.84
721.15
1232.95
6828.21
3783.38
1299.17
9792.47
7632.37
9835.81
4020.51
188.30
7191.38
9638.97
7002.47
572.53
8537.25
6641.13
7268.59
2770.17
2506.79
4391.92
993.07
2795.19
2450.33
3666.19
8375.19
7476.73
599.38
4609.82
3454.08
6263.01
8908.35
5466.48
4180.43
2261.42
2179.94
4448.38
3050.94
1581.16
6290.48
6315.20
3622.55
5039.22
9323.10
222.17
3220.92
1289.71
8423.41
399.49
7148.35
5445.72
193.18
6227.00
4712.06
2246.16
7429.12
3265.18
2378.61
7843.26
21.97
1807.31
4372.08
9258.40
2829.68
4511.55
6023.44
5580.92
8334.30
9678.64
187.99
9967.34
6896.88
1736.81
2043.52
6500.75
2423.78
5496.69
2574.54
979.95
6253.85
5735.34
6067.08
9695.73
7081.52
8678.85
1913.51
5253.46
9728.08
6939.30
6052.13
3517.87
571.00
4473.10
2342.91
724.51
2450.64
3117.77
9201.33
4836.57
6855.68
7279.58
1795.40
196.23
6210.82
8319.96
5125.28
9545.88
4073.92
5219.89
8289.13
2468.03
6054.57
3069.86
5257.73
4321.42
9268.17
5958.13
2463.45
4719.69
3137.91
5814.08
8518.63
9630.12
9358.81
3771.17
6372.57
6143.38
3828.55
5614.49
3228.25
3986.02
8372.14
7868.59
8520.16
2828.15
5055.70
6095.77
5272.68
9460.43
917.08
1962.34
5151.22
3890.80
5914.18
638.45
2515.34
8436.84
1911.68
5089.57
7790.15
8860.13
5513.78
8827.17
5463.73
1621.14
2558.67
3679.31
7029.94
6307.87
7082.74
4142.28
4181.34
7299.11
2573.02
4876.25
2571.18
3734.24
8316.60
2908.72
1452.68
1842.10
8658.41
1108.13
9511.70
8698.39
7983.34
4488.97
2198.25
1467.94
9233.38
5909.30
883.51
1202.43
8771.94
2729.27
9136.63
5246.44
5408.19
986.66
6446.42
7323.83
6395.15
8655.05
4699.24
9358.50
8211.31
4544.82
7720.88
4098.33
4941.25
4415.72
9196.14
2602.31
2065.80
852.69
9282.51
5652.64
8475.29
8480.48
5226.91
3153.78
4516.74
1065.71
6298.10
587.18
8890.65
2083.19
8348.03
6572.47
2206.18
5295.57
8315.68
609.76
10.38
6918.55
3984.19
5058.75
3101.60
5930.05
9303.87
416.88
7940.00
4085.82
593.89
7963.81
4970.24
2204.35
3939.33
8828.39
7666.25
4285.71
9084.14
3545.95
108.04
6021.30
148.32
1167.33
5912.05
9265.11
8471.63
1978.21
6315.20
9020.36
7894.53
2896.82
236.21
4511.55
7799.92
9608.14
4121.22
899.08
4216.44
4499.65
4385.20
3200.78
4301.89
4462.11
264.60
8984.04
4519.49
7612.54
9894.41
1389.20
7815.18
3007.29
7416.61
9049.35
113.22
2407.91
3940.24
4461.81
1442.92
8156.38
158.70
7387.92
2001.10
6228.52
3441.88
4825.28
8473.16
8525.96
7210.91
4132.51
918.61
3467.82
5412.46
854.82
5536.97
8945.89
9904.78
7824.64
3623.16
6705.22
3560.29
7089.14
2027.65
2214.73
6912.75
1236.00
5433.52
9087.19
1141.09
5674.92
5761.59
2110.35
5224.46
8438.06
9017.61
7960.45
59.51
9063.69
4893.03
7645.19
7372.05
3122.65
9432.36
9755.55
6219.67
3954.89
6078.98
8575.09
4907.99
8172.55
5413.07
6118.66
1127.96
6494.64
8892.79
2157.05
8130.44
6480.91
6912.14
1294.90
9744.56
8717.00
6487.62
1157.87
2060.61
3022.55
8887.29
761.13
4583.57
6241.95
2511.06
3110.75
8670.31
8174.99
1341.90
1109.04
6066.77
7220.37
4270.15
823.08
5355.39
2285.23
5614.19
1177.10
9123.20
2528.15
2142.70
4135.56
9665.82
1494.80
6914.58
4434.34
6041.14
7213.35
5244.91
2928.25
279.85
4806.67
3116.55
2612.08
5571.46
3189.18
3342.08
1380.05
4232.61
2406.69
9794.61
587.79
8276.62
3182.17
5015.11
3475.75
390.03
5234.23
1514.02
2518.39
8133.79
5924.86
2073.43
9763.48
9177.83
5802.18
9369.49
9220.56
385.45
2602.01
219.43
5363.02
8556.78
266.43
4774.32
6806.24
5642.87
4546.95
5962.10
9223.61
6249.58
1748.41
9499.50
6563.62
234.38
2185.13
9781.49
4631.18
8217.72
4902.80
1962.65
6091.80
2811.06
5231.48
5542.77
967.44
3387.25
1738.94
9767.45
1681.57
7194.13
4133.73
6159.86
6716.51
4627.22
8692.28
8492.08
1949.22
1479.23
2768.03
5510.42
3722.95
5972.78
4942.78
6728.72
2720.11
3388.17
2386.24
6599.02
2699.67
6105.84
1986.14
7372.97
3159.58
1868.04
6808.68
5970.64
9986.57
8078.55
4454.48
5161.60
3157.45
4945.52
8871.43
4377.27
5556.20
5290.99
2185.74
463.27
1960.20
3826.11
8119.45
3688.77
2273.93
3718.07
3544.72
9317.00
8054.14
3247.78
9754.33
59.21
6404.92
385.45
9993.29
9719.84
296.33
8081.30
4828.64
3340.56
9371.32
8097.17
1909.85
4167.91
301.52
6181.83
1690.12
2744.83
760.52
6409.80
5661.49
8445.08
6070.13
7490.46
8678.85
8761.56
2583.70
8862.27
1922.06
6660.97
6874.60
9386.58
8071.23
1318.09
4782.25
6449.78
5244.61
2540.67
9389.93
8288.83
1275.67
4197.52
1986.14
7351.91
4879.60
6964.63
5078.89
7506.33
5278.48
5699.03
1522.57
2908.11
6846.83
1755.42
8821.99
1340.98
337.84
5554.67
2672.51
9845.58
7255.47
9720.15
8803.06
5439.01
8931.24
8092.29
7179.78
8753.93
6873.68
936.00
7639.39
3391.22
5947.75
1649.53
1006.81
8814.05
6949.37
5291.91
4766.99
9586.17
136.42
4238.11
7345.81
8772.55
6281.01
1276.28
71.72
8311.11
6800.44
5458.24
872.83
4170.05
9536.73
1016.57
8773.46
9103.37
1740.47
4661.70
3257.85
816.06
6825.77
1568.04
7556.99
8352.31
6454.36
5366.98
9923.09
4517.35
4518.27
2453.38
1956.54
7150.18
4577.47
5923.34
8047.73
7052.83
7315.90
9451.28
4988.56
5394.45
9581.90
6423.23
5829.65
8401.14
1571.40
4634.85
7032.99
2139.65
3719.29
1868.34
2990.51
5217.14
9859.92
2662.13
6967.68
2197.33
8218.02
1583.00
2534.56
5558.03
6798.30
3314.92
4550.61
8989.84
4727.01
4877.77
3757.13
9860.23
6116.52
286.26
4052.55
3648.79
8011.41
2963.96
6500.14
8166.14
8977.33
6221.81
9140.29
370.80
9898.98
7117.53
6662.50
3599.66
3546.25
4005.86
9008.45
8015.69
4473.71
3092.75
2956.63
2094.49
5812.86
4304.64
5764.03
7958.92
4522.54
1788.08
4916.23
8369.40
1659.60
9351.18
3057.34
8193.61
9230.02
6157.41
2154.61
8154.85
184.33
2986.54
5966.67
3682.06
3123.26
4376.05
4872.59
6669.52
8268.68
6949.37
2128.97
2957.24
6268.50
9254.74
5614.80
3348.49
6398.21
3412.89
4124.58
973.85
5714.90
3902.40
2279.43
2816.86
5735.04
3776.36
3109.23
8210.70
8191.17
3642.08
2375.87
2119.51
6435.74
3701.90
3696.71
6021.00
4049.50
4173.71
8531.14
4194.77
7222.51
4405.04
91.56
8236.03
2462.54
5988.34
5247.66
7603.38
6203.80
193.49
3473.31
9014.56
7867.37
5031.89
6913.97
2502.52
2944.43
2256.23
626.54
6945.10
7661.06
9620.66
7058.63
2875.76
1785.64
8701.74
3827.02
5398.11
1146.58
3603.02
8861.05
5005.95
6416.21
848.11
1971.19
9127.78
9728.08
5776.85
6906.95
2204.96
5690.79
5761.89
2962.43
7121.49
8355.05
5549.79
198.37
5787.84
702.54
5046.85
7340.31
1703.24
8218.33
4856.11
6410.41
2300.18
3102.82
9883.11
3166.30
3885.92
696.43
6319.16
7398.30
6996.37
4670.55
2316.05
2154.91
4970.55
2549.82
7666.25
5956.30
3562.43
8132.88
2796.11
7057.41
4398.94
2365.49
2392.65
3825.50
96.74
9236.73
3967.10
293.59
3855.71
8254.04
6675.92
951.26
1333.66
66.84
705.28
3836.18
7620.17
6793.42
2538.53
5991.09
7121.19
3618.88
6409.19
342.11
9165.62
3225.50
7263.71
8071.84
7147.13
9616.99
5537.28
5536.06
4013.49
2900.17
9058.81
9799.19
1916.56
1585.74
2398.45
1842.71
8834.50
3971.98
8969.08
1513.72
9978.03
5170.75
6190.98
3271.28
6798.00
1344.04
9041.41
6799.83
1398.36
7707.14
2289.80
1545.46
9176.31
1864.38
6740.32
9242.53
7492.29
9041.72
9788.51
3488.88
3194.37
771.51
5609.30
436.11
6796.78
3602.40
5284.89
9656.36
6133.61
9388.10
2186.65
9242.84
7298.20
3719.29
2923.67
4217.35
5679.80
4067.51
9170.20
2297.43
4908.90
4193.24
683.31
6089.36
6528.21
6389.66
4828.33
5769.22
8194.53
8118.53
2914.82
1318.40
3233.13
4604.94
8667.56
8366.65
9348.74
3951.23
9132.66
6714.99
9310.59
6330.76
3343.91
5595.87
1421.55
3830.38
9051.48
4734.34
2588.27
2495.50
2829.07
5270.55
1795.71
3148.59
3877.07
9610.89
6809.90
2535.48
6823.63
4266.18
1911.98
1371.20
3845.33
4740.13
9483.32
838.65
1419.11
6531.57
3246.86
4108.71
2009.95
1311.99
5984.68
4441.66
6016.72
2343.21
9538.87
6434.22
4282.66
8193.30
9909.36
1972.72
6486.40
8816.19
5264.44
7455.98
5721.61
3060.09
9672.23
3849.60
4583.57
1659.60
366.22
6136.97
3070.47
4781.95
1361.43
3723.26
3613.70
8185.67
1227.76
8364.82
3549.30
7053.74
7838.68
1173.74
344.25
1567.13
7901.24
5273.29
9890.13
3277.99
4089.79
5655.38
3170.87
6345.71
7582.93
2811.06
1628.77
2699.06
8828.70
1691.64
6529.44
5188.15
4340.95
2563.55
2643.51
7784.36
2346.87
5321.51
1561.33
6896.27
5091.40
3821.53
4943.69
2858.67
616.47
1793.88
3028.66
5663.01
1824.40
6902.98
8707.85
3985.72
5640.43
4513.08
2475.05
1581.77
81.79
7723.01
8574.48
102.24
2054.81
5234.23
7643.36
2402.72
3682.36
3613.09
6180.30
5399.94
9981.38
5508.90
8136.54
6541.95
5699.33
393.08
8949.86
2957.24
4125.80
9380.17
7333.90
7337.87
5686.21
690.94
5132.60
9625.54
9134.19
7327.19
554.22
8560.44
3154.39
3511.46
5095.68
2157.35
1189.61
1461.84
9471.11
1167.64
7299.11
5059.36
8858.91
4593.95
5867.79
1973.63
2774.13
1315.35
2975.25
807.21
9886.17
6893.83
2236.09
4823.76
3086.03
9612.11
2925.81
8817.41
5124.67
4818.26
3205.66
692.16
125.43
1629.38
6255.99
4310.74
1292.46
1063.88
2133.55
5172.28
120.24
9659.41
3162.02
5489.06
7419.66
7644.28
5673.70
215.77
1473.43
5720.69
5906.86
603.05
3634.45
9523.30
2879.42
6828.52
6675.31
5818.05
6046.02
6274.61
6205.33
9498.89
553.00
9015.17
468.15
5450.00
7904.90
7066.26
8828.39
4333.93
4850.00
8975.49
4261.91
6365.86
8305.61
6300.55
166.02
2141.18
9128.09
3548.69
6795.25
4574.42
2542.80
8132.57
7638.48
1014.74
8050.48
1909.85
1052.28
9600.82
6611.53
868.25
7459.33
8913.24
7936.64
4514.60
7425.15
4994.66
5681.33
1535.69
927.15
4792.32
3364.67
3292.95
3128.15
88.81
8825.34
1705.68
6964.32
987.88
21.67
3097.63
7863.40
3006.38
9995.73
4560.38
904.26
6849.27
3805.96
4397.41
5731.99
4917.75
5250.10
3215.74
9533.68
3620.72
6179.08
7222.51
3400.68
5549.49
6228.52
290.84
2377.39
575.88
5766.47
6360.36
4515.21
9942.63
9880.06
8728.29
9242.23
2399.37
6209.30
7801.14
363.17
6458.33
4438.92
3863.64
4001.28
7819.76
266.12
6431.78
6790.37
6039.00
1651.36
6747.64
4637.59
9493.39
165.72
4983.37
7362.59
2712.18
5252.24
8714.87
9529.10
5135.04
4205.76
4224.98
2780.24
5352.34
5691.09
7204.81
9990.23
9903.56
9606.92
4408.70
6544.08
684.84
1109.65
2831.81
9060.64
32.65
1612.90
7966.55
6867.27
7546.92
4568.01
7706.23
6543.17
7714.47
8844.26
3453.78
4839.93
2393.87
7520.07
5002.90
294.20
7231.36
4896.08
746.18
8844.26
6057.31
9542.22
9784.23
3762.02
2340.77
6193.73
7484.36
5216.53
1752.37
4307.69
1066.93
9775.99
4906.16
6091.19
6767.78
5163.73
4336.99
1814.63
5146.34
585.04
4780.72
5224.77
6103.09
7925.96
817.59
6863.31
163.58
4148.38
939.66
8113.65
7597.28
189.52
2108.83
3779.11
1927.24
6673.18
3863.95
6011.23
9402.75
1754.20
6040.83
7394.02
983.61
1403.24
9171.42
6007.57
8414.26
7444.69
1616.26
269.17
936.31
3660.08
2501.60
6380.20
4212.77
5274.51
4518.88
6174.20
8018.13
2129.28
5647.76
8196.36
4261.91
861.84
3870.97
9811.40
1908.93
6401.87
3938.11
3163.24
352.18
8093.51
241.71
2793.66
7809.08
762.05
4871.67
7731.86
6296.88
6035.95
4904.94
5871.76
9756.46
4227.73
7998.90
3445.54
6877.65
2103.34
345.47
7408.98
5199.13
6836.76
6054.57
3545.03
8038.58
1469.47
2019.41
8109.38
815.15
2188.79
7341.53
5816.52
8333.69
2732.02
1359.90
1992.86
9582.51
6233.71
9363.38
1695.91
1619.62
9827.27
35.40
3623.77
9098.79
2309.64
3705.86
1619.01
1003.45
191.96
5458.85
1585.13
1152.68
2433.24
2172.31
6623.74
4036.38
9182.41
7543.56
8207.04
2544.94
4837.49
4163.95
6200.14
9159.21
731.53
6711.63
5541.55
7155.98
7761.77
5314.19
2395.09
3398.24
4269.54
3153.17
7591.17
9268.78
9491.26
7369.92
160.53
1310.16
7883.54
7331.77
8783.84
8137.76
4644.00
9326.46
3957.34
5178.08
7733.39
1743.83
8700.52
3809.63
6713.16
9809.26
605.49
6454.97
3715.63
3926.82
3050.94
4194.46
6852.63
705.28
8386.18
8461.56
1377.91
715.05
900.60
3383.89
8918.42
2049.32
2393.26
329.60
81.79
3749.50
8147.83
1223.79
756.86
8153.63
6135.44
2198.25
7418.13
6234.93
7248.76
4133.12
1744.13
4991.30
9386.58
1658.68
9870.30
946.99
3195.59
7174.60
6575.21
8830.84
2288.28
1450.54
9728.69
9491.56
5742.97
7374.80
5301.06
6116.52
5701.77
8405.71
8254.65
2810.75
7882.63
8295.24
9621.88
4603.72
7807.86
3644.52
5094.45
2942.59
572.53
5851.92
5421.92
5739.01
6959.75
4021.12
3943.60
6027.10
3712.58
5385.91
1560.41
8296.15
784.33
4818.87
4460.59
6565.14
3369.55
9983.83
4911.34
3255.10
1534.17
3694.88
431.23
2925.81
5256.51
47.30
1651.36
9938.66
7688.53
5876.64
4182.56
4105.66
4456.31
4114.81
4798.43
3392.44
1803.95
604.88
7246.93
7733.39
1400.80
930.81
8002.87
3019.50
4618.67
8832.97
7275.92
9330.42
4096.19
2766.20
5583.67
2461.62
5401.17
2167.12
1204.57
2818.08
6599.63
9988.71
8820.76
733.36
8553.12
3066.80
4665.67
2275.15
3745.23
6883.75
8490.55
4604.63
6461.38
6285.90
7653.74
4945.22
2122.26
8723.72
3658.25
2232.43
8598.29
1570.48
6438.49
5495.47
7300.33
89.42
6714.99
8045.29
6874.60
7603.99
1728.87
1523.18
7305.52
4439.83
4666.89
8875.39
7240.21
7200.23
3089.39
315.26
2349.01
4931.79
6675.92
1340.07
7535.02
3751.64
9600.21
6855.37
801.42
6491.59
7846.00
477.92
1592.76
8923.92
6774.80
3079.93
1421.25
9134.19
9264.50
9627.98
9590.44
1598.86
9722.28
8389.23
1829.28
2533.95
4290.90
1563.46
4650.11
8073.98
2560.81
1402.33
3238.01
1845.76
1095.00
877.71
5692.31
3503.22
4084.60
2967.31
1424.91
4774.01
1446.58
7612.54
6534.62
4595.78
9674.37
416.27
3961.91
9892.88
5754.57
2142.70
1245.77
3559.68
9463.48
3076.57
3689.69
6217.54
4354.99
1311.08
5746.94
3297.83
2751.24
9024.93
8446.61
4025.09
5051.73
5807.37
5661.49
3852.96
8668.48
3098.24
7042.15
6922.82
6904.81
8803.98
417.80
102.24
3088.78
6150.09
1486.86
5170.14
269.17
5837.58
3601.79
704.98
1795.10
5558.64
5466.78
248.12
3083.90
5941.95
9556.57
8294.93
9893.49
6984.16
9070.41
680.26
3411.36
4031.80
6234.63
926.54
7474.90
7377.85
9765.01
9103.06
8226.88
4533.52
4300.36
4772.79
1532.03
9238.56
9624.32
584.43
8456.07
6270.64
2480.54
8066.96
4122.44
6121.10
8803.67
2197.03
265.51
8594.01
9166.84
6299.02
6782.13
9394.21
5268.10
3836.18
2602.31
8766.44
265.21
8662.68
1189.61
6247.75
767.24
291.15
980.86
594.81
3301.19
5747.86
6080.81
8951.38
3063.14
4565.57
7523.73
4313.49
7767.57
8489.33
412.31
5361.80
4405.96
2447.28
7250.28
7715.99
1728.57
8358.10
2775.66
680.56
6261.48
8328.81
615.25
8538.77
4670.25
8810.69
7061.98
462.05
286.26
2277.29
2298.65
8093.81
6602.68
7981.20
4374.52
4871.36
5556.50
8356.58
6245.00
6150.70
3410.44
2628.86
1194.49
4191.72
2041.69
4194.46
6950.29
7071.14
8455.76
3332.01
3794.67
5582.75
333.26
1806.39
7003.39
7189.86
428.48
934.17
8902.55
1087.98
7621.39
9663.38
874.36
3448.29
7449.26
4238.72
614.34
6893.52
9919.13
6012.15
4953.76
3278.60
7419.35
8955.35
3561.82
3833.74
541.40
3447.37
3840.45
5733.51
4623.86
7893.00
2321.85
9151.89
4831.08
4731.59
2882.17
3871.88
2581.56
2408.52
7084.87
9505.60
1134.07
9863.58
6964.02
8390.45
3148.29
5099.34
5565.36
5225.38
8028.50
4399.85
5547.35
2506.18
1867.43
3749.81
1168.25
5823.85
7798.39
9027.07
3958.86
8090.46
9571.21
6526.08
7402.88
6751.61
6162.30
377.51
930.20
3050.32
233.16
8422.19
8544.88
7405.32
8249.15
3104.95
2386.55
9962.46
5069.43
8954.13
6553.24
386.67
824.61
3200.48
1485.03
5955.08
2889.49
1106.91
4231.70
2009.95
767.85
2565.69
4905.85
3841.67
6699.12
1528.37
4644.92
4058.05
9798.88
4831.08
5388.35
4503.31
6550.49
1974.55
6781.52
6792.81
5453.05
2427.44
523.09
520.95
8644.98
2006.59
7467.27
3210.55
8309.88
4906.46
7789.24
1059.60
683.61
2933.44
9531.85
4552.75
5468.31
8510.09
5843.07
7999.82
3470.26
3009.74
6219.06
7060.46
273.75
6990.88
2059.39
3320.72
8761.56
3879.82
1855.22
9984.44
8294.93
3682.97
6317.94
7734.61
3368.63
8272.96
8759.73
4841.76
9549.24
4822.84
1043.43
565.81
9510.18
8948.64
410.17
5925.47
6980.19
4117.86
7496.57
888.70
1411.18
8893.09
857.88
2059.39
1184.12
8568.38
8309.27
9906.31
8158.82
2762.84
390.03
9609.36
1387.07
5536.06
6276.74
4583.57
2798.55
9581.59
7444.38
6737.57
2669.76
1067.23
9396.04
2533.65
7691.27
6684.16
6772.97
8913.54
9446.09
9460.43
2153.39
8146.61
6110.11
4912.56
3857.23
5669.42
5188.15
4087.34
3065.89
9974.06
95.22
5061.80
5572.07
8609.88
8403.58
9464.09
8469.19
9362.16
4554.28
5573.90
7097.69
668.05
4862.21
4570.15
2555.01
333.87
7612.84
1483.81
5086.21
6615.19
6071.96
7420.88
3663.75
722.07
7217.93
4615.92
7074.80
4816.13
4006.78
884.43
6820.89
4552.45
3988.46
5027.01
7149.27
240.18
2081.06
9755.85
2525.71
5675.83
317.09
3703.12
7859.13
8716.09
2378.00
9074.07
1793.27
2650.84
5722.22
6505.33
8380.38
2440.87
9126.25
3694.57
7440.41
4878.38
8447.83
9363.08
8930.63
6738.79
8424.02
9108.86
1626.03
9982.30
3316.75
4721.52
1433.15
8067.57
4219.18
3513.90
9641.10
2443.01
5832.70
9236.12
6430.25
3276.16
532.85
1134.07
9945.37
3481.25
2529.68
2716.76
6247.44
114.14
9938.66
6790.67
458.08
2189.70
7575.61
8326.06
4408.09
8988.62
8286.08
1721.24
1098.36
7915.89
5622.12
4020.81
1297.04
5970.95
5679.49
652.49
2570.88
3895.08
907.62
5250.40
6075.01
7056.18
3704.34
117.80
1407.21
2134.16
2608.42
8901.03
4842.07
3670.77
8902.86
8029.11
1254.92
9543.44
6439.71
8489.94
5052.34
9429.00
2501.30
4496.60
415.66
5318.16
2508.01
612.81
6177.25
8142.34
6386.61
3899.35
5634.63
9575.18
9411.60
2638.02
6620.69
3075.96
5331.58
8205.82
2139.65
3230.99
4593.34
1651.36
6882.23
7458.42
5474.41
1543.63
9931.03
9138.77
941.19
4651.94
8971.53
6236.46
9041.41
6020.39
6318.55
4467.91
9641.41
9998.47
2071.90
9086.28
5327.01
8793.30
4712.97
4339.12
9276.71
102.24
4455.70
4668.42
7918.03
390.33
9663.99
6706.14
1181.98
5374.92
1646.78
6137.58
8171.03
4280.22
8148.14
8488.42
1043.43
9422.59
835.60
7899.72
4939.73
7691.89
7110.20
2954.80
6750.69
5490.28
1542.41
3619.19
549.94
3686.64
7250.59
8355.66
2497.33
4159.37
2532.12
5478.07
3027.44
4476.76
3064.36
7805.72
9135.41
2291.02
4978.79
4681.84
4573.50
5996.58
9132.36
416.88
772.42
3223.06
1877.80
3220.01
6292.61
3722.65
2656.33
3682.06
7628.10
8213.75
3711.97
6871.24
9167.76
9744.25
2252.88
7105.62
5131.38
9137.55
364.09
9462.57
1288.19
1082.80
2988.37
7089.14
9275.19
2431.41
9282.82
8377.03
1324.81
9264.20
7670.52
3061.62
8216.19
4289.07
9893.80
1311.08
8258.61
1136.51
4385.51
4864.65
126.96
7106.85
4266.79
4283.88
7354.35
942.41
289.32
1382.49
7297.89
7178.26
4028.44
891.75
2389.60
3638.42
1645.25
427.56
6487.62
3640.25
3525.80
2820.52
4130.99
9465.93
112.92
9872.43
5525.68
8668.17
9241.31
1599.48
5059.05
9769.89
5288.25
30.21
6164.43
8920.56
5455.79
1611.38
346.69
4071.47
3491.32
7292.40
3178.81
8235.11
6164.13
4348.89
5084.99
8386.79
2806.79
9006.01
9719.84
1574.14
3237.71
3923.76
7759.64
4797.51
4372.39
9611.19
8914.76
219.12
840.17
3823.97
9977.72
2271.49
9917.60
8020.26
1719.11
8217.11
6089.36
4920.80
2443.92
8733.18
5552.23
6253.55
1019.01
73.85
5972.47
4728.23
7188.33
4382.46
1807.92
9320.35
1982.18
9702.75
511.19
7909.79
6041.14
6267.59
9924.31
6352.12
8658.41
615.56
2173.83
8035.52
5360.27
4103.21
4389.17
2986.24
6832.79
7372.66
1540.88
591.75
7008.27
7341.84
1728.87
4996.80
3126.01
8273.87
9218.12
7237.77
5577.56
3493.45
5545.21
3179.42
347.61
9307.23
4000.67
1313.52
1868.65
7696.77
7805.41
9483.63
9095.74
9342.02
7288.13
4597.92
2616.05
3538.32
6381.73
4394.06
5609.00
6574.91
3747.37
5315.71
6463.52
5124.67
8839.99
5565.97
5869.01
6225.78
8227.49
7397.38
6192.51
399.49
2478.10
7705.62
5951.72
9482.10
8923.61
983.61
7198.40
5718.25
616.17
3704.34
8627.58
3694.88
6790.37
4187.44
2215.95
1663.87
5135.65
7021.70
6214.79
3823.97
1206.40
6097.60
2296.52
121.16
5266.58
5316.63
9680.47
5132.91
1889.71
1039.16
4035.77
2594.07
2628.56
5332.19
3991.21
7134.01
7059.54
4081.24
3047.58
9778.13
2519.61
9027.38
9716.79
8785.36
7850.89
7793.21
3693.66
2378.61
1454.21
958.89
878.63
4933.62
8979.77
253.61
5057.22
3183.69
952.79
6917.63
9054.54
4011.66
5656.91
4308.60
3172.09
381.79
7581.71
3806.27
3727.23
6982.63
6750.69
8078.55
9497.67
2134.46
9240.70
776.39
8889.74
7535.02
4202.70
6715.90
5645.31
2393.87
7703.18
1609.55
5892.51
3528.86
8690.45
5413.68
4356.82
7976.62
7405.32
8349.56
2548.30
9690.85
1542.41
3663.14
6729.03
6880.70
483.41
6186.71
8482.62
1558.89
2902.31
761.44
5690.79
7858.21
8066.65
9589.83
6734.52
678.73
6141.54
2569.66
5729.85
1233.56
7810.60
9688.10
1609.85
1047.70
8524.74
9519.64
8870.21
976.90
7692.19
2906.28
2781.76
6811.43
8124.03
5872.98
6896.27
8020.57
6044.19
845.06
5641.65
1207.92
6981.41
228.58
9833.06
4832.30
7847.53
1416.06
7902.46
6764.43
524.61
7280.80
668.05
1234.47
7267.68
1222.27
2447.89
6740.93
3230.99
825.53
6333.20
1474.04
6445.20
9193.40
6437.27
7826.78
539.57
8020.26
4926.60
2544.33
535.29
1465.80
6653.04
4085.82
7017.73
4890.59
9192.17
3753.17
8996.25
7518.54
1106.30
2151.25
773.34
3087.86
6244.39
7545.09
3126.62
7553.33
6885.28
7671.13
4120.30
7898.80
3545.95
1570.48
9858.39
1129.18
4258.86
3003.33
491.65
7500.23
1134.68
2006.90
1791.74
7045.20
7026.89
6162.30
7603.69
3469.95
98.88
8128.60
3487.66
4470.96
9122.59
1011.99
6870.02
2542.50
7303.99
8126.77
4004.33
5333.41
7463.61
8713.95
9066.74
9618.52
6370.43
6180.30
5687.73
7945.49
1053.80
419.32
6244.09
2020.33
4898.53
776.09
9210.49
1891.84
6335.34
1218.30
9894.10
5002.59
7946.71
4279.61
4859.77
4161.20
8789.03
5331.58
5359.97
8508.25
7756.28
3753.47
78.43
6527.60
786.46
2557.15
2505.26
5176.24
9730.22
3030.79
3252.36
4184.70
5692.31
5966.67
2623.68
9600.51
4657.12
6032.29
3750.11
5628.53
8214.36
849.02
1605.58
8836.94
7190.47
1339.15
8212.53
3788.87
1006.81
4907.07
9351.48
4161.20
572.22
8012.33
3089.69
8414.56
7520.98
9701.83
5435.35
4076.97
7612.54
2661.21
3433.64
9703.67
1105.38
3348.19
1019.32
8573.56
7913.75
7768.18
7933.90
3187.96
361.34
4460.89
7018.95
4633.32
1348.31
1253.70
207.83
5865.96
739.46
7348.55
8514.66
2990.20
7785.58
7301.25
6341.44
3583.79
2395.40
8460.34
5417.34
6137.27
3066.80
8424.33
8675.19
9670.40
4289.07
4080.32
9383.22
7584.15
1232.95
8788.42
5845.21
4817.96
4536.58
9272.74
6975.92
2364.88
3001.50
8781.40
9071.93
8217.41
7012.85
8078.55
9082.61
8796.96
492.26
832.24
4699.24
9938.96
4202.09
4958.65
6575.52
1486.56
8204.60
6483.96
2983.18
4565.57
6299.33
7491.38
2228.77
5590.08
242.01
4711.14
3131.50
6076.85
6563.01
316.48
8881.50
2317.58
3792.84
1492.36
4591.51
3979.92
2915.13
331.13
3850.22
5694.45
8851.89
628.99
4591.51
694.30
5794.55
3134.25
9595.32
567.03
4200.26
5817.44
1926.94
182.81
2256.23
722.68
633.26
1861.02
9631.64
3966.49
7002.17
7836.24
6325.57
436.72
6702.78
5089.27
4427.32
9770.50
8117.31
1603.75
5597.40
5154.58
2175.97
8109.68
2084.11
1528.37
4008.91
4378.49
4089.18
4738.30
1725.21
4132.82
1290.63
8214.36
2637.71
7628.71
1341.90
8728.29
2235.79
5980.10
3153.48
7796.87
6229.44
6280.40
7772.45
289.93
969.57
1590.62
4673.60
6811.43
2561.42
4850.92
6273.08
1408.43
9980.47
780.97
8474.07
1178.93
2504.35
4832.00
65.31
9333.17
6776.94
3250.53
8775.60
8276.62
3809.32
3321.02
6801.35
4273.51
1237.53
7841.73
3622.55
257.58
1147.19
2905.97
8913.54
8345.59
8774.38
3044.83
3361.92
8623.62
2399.37
2796.11
217.29
5764.95
9746.09
8760.03
5367.29
41.81
1193.88
1207.01
8764.61
4294.56
5123.45
9300.52
5016.02
3418.68
5697.81
8991.06
5941.04
7937.56
8403.27
7653.74
2916.65
8216.80
3653.07
4521.93
1821.34
884.73
3771.48
987.58
8385.88
4027.53
3668.32
9826.96
6769.62
2709.13
517.90
7409.89
9172.34
1391.64
2755.82
7969.30
9290.44
4810.33
3700.98
3973.51
7436.75
3867.92
122.07
1681.88
130.62
8111.51
1058.99
5935.85
1975.46
1353.80
7206.34
3249.61
2631.61
2002.62
6178.78
7267.37
6700.03
4656.82
3968.63
5642.26
9330.12
4538.41
7905.21
2407.61
5360.58
1314.43
1430.71
4896.39
4809.72
3881.34
6007.87
9274.58
2524.19
2663.66
463.88
3749.81
4802.70
998.26
3094.58
3520.92
801.72
2161.63
6828.82
6523.94
1542.10
3605.15
2775.66
4044.01
4323.56
