3291.12
3357.04
2986.85
1621.45
7124.24
9458.91
1742.30
4582.96
9324.93
3293.56
7852.41
6630.76
2381.36
5526.29
9935.00
5078.58
9846.80
4019.90
3836.79
9069.80
9237.95
6383.56
1249.43
4982.45
2067.63
1128.88
2480.54
9357.89
1317.79
6506.55
6204.41
905.48
1662.34
1075.17
3991.82
8159.12
2761.31
5078.89
2442.09
4333.02
931.73
6680.81
722.98
5954.16
9510.18
2126.22
6332.90
6820.28
3218.79
3894.16
6899.32
3858.76
6848.35
5897.70
824.30
6437.27
3570.97
9798.88
4591.81
5696.28
3191.32
1498.76
9544.66
5464.03
5656.00
1868.34
5948.06
1315.04
124.52
774.86
7152.93
9336.53
4924.47
8477.74
1665.09
1161.53
8692.59
3443.71
5941.95
6840.42
8024.84
657.98
5718.56
2099.06
1938.23
9478.13
8688.62
1559.19
8466.75
5106.66
6338.08
4478.29
3692.13
2738.43
7756.58
4567.09
8536.03
8443.86
3232.83
457.47
3610.64
5856.20
446.49
8374.28
7457.20
2719.81
1071.20
3574.63
8466.45
6366.16
599.38
2124.09
5810.11
2175.05
9204.38
9564.20
9685.96
4090.09
6446.12
8036.74
6190.98
1245.46
7643.06
8430.43
7139.19
9768.67
4710.23
9105.50
128.48
3821.53
9286.78
7766.96
9179.66
4943.69
959.20
8041.32
1247.60
3755.91
8397.17
7325.97
8931.85
3093.05
6207.16
7468.49
4682.76
6621.91
5326.70
4840.24
6831.26
2011.78
9763.48
1369.98
2742.39
2719.20
7494.13
3092.44
9413.43
7445.30
8337.66
7783.14
6823.63
1333.96
6611.53
8235.11
4352.55
7972.04
1388.59
2743.92
5575.43
6246.53
2160.71
9361.86
1750.85
1136.51
2727.74
5483.26
9313.33
2486.65
1120.03
9327.07
1677.91
833.16
8369.70
4871.97
682.09
4344.62
3940.24
6816.31
7959.23
5936.77
632.95
7116.00
1572.62
4626.61
6772.36
9667.96
8214.67
187.08
8494.52
4701.38
6282.85
5164.34
9942.93
9440.29
149.54
3321.63
4187.44
6591.08
933.87
8571.43
2680.44
7235.02
4091.92
3457.14
6055.79
9668.26
9133.58
1251.26
4093.75
766.62
1782.28
724.20
7654.35
1432.54
3889.58
7656.79
396.74
2682.27
1412.40
2148.81
3099.76
3945.74
5774.71
5795.46
8386.18
131.53
8915.07
7785.27
8674.89
9027.07
7341.23
3989.07
5166.48
5588.85
5501.27
8099.61
676.29
4696.80
3782.77
8881.19
4128.54
8920.87
1452.07
2601.40
9520.25
2874.23
9851.07
4694.05
7174.90
709.25
6155.89
9728.39
89.72
8321.18
3018.28
3737.60
3196.51
6820.28
4397.11
7977.23
8340.40
8837.86
2891.93
8166.75
2799.46
4224.68
8896.76
8287.30
4148.08
6707.97
6878.26
2988.68
9281.59
8067.87
9100.01
7673.88
413.53
1394.39
2096.32
321.36
5858.64
9991.15
6216.32
4109.62
8412.73
3483.99
3543.50
4901.88
9141.82
7701.35
4508.50
2659.38
9397.56
9884.03
8507.34
842.62
8862.88
5791.19
8831.14
2861.42
2449.11
264.90
7231.06
9640.49
3852.05
7809.99
8419.14
7359.84
8578.75
4759.36
9827.27
9433.88
4263.44
9583.12
6928.92
1789.61
1077.91
2903.84
9442.43
5511.34
52.80
3783.07
8724.94
5907.16
2122.26
3837.09
1669.67
2068.24
5703.30
5750.30
1420.33
5974.30
5621.81
7743.16
214.24
5215.92
1201.51
561.54
4666.59
8391.06
6322.82
8547.62
8807.64
7238.69
9266.64
1352.58
5189.98
4577.17
5158.85
7862.48
9369.79
2101.20
8822.60
8886.68
8083.13
7107.46
852.99
182.81
6424.76
2207.10
4728.84
2375.56
4343.09
7091.89
7770.01
9330.73
7765.13
6407.36
3755.30
1550.04
4660.79
2810.14
15.26
6150.09
1364.48
9256.26
6807.76
9980.47
9459.52
9594.10
1790.22
7454.15
8543.05
1519.82
7406.54
9645.07
5183.57
959.50
3990.60
6218.45
3380.54
1936.09
6411.33
6753.75
6839.81
991.24
7059.54
3027.74
8380.99
218.82
2999.05
8814.97
6783.35
7973.57
88.50
8770.71
6386.61
1318.40
1889.71
2958.46
9758.90
9273.96
6170.54
8585.16
8742.03
928.07
6822.72
5504.32
4188.97
7476.42
3998.54
7053.13
9707.33
2243.11
283.82
2783.29
9713.74
7763.30
5720.08
4647.36
7123.63
3967.10
9483.02
3207.80
977.81
6549.58
1037.32
5425.28
9326.15
9570.91
8577.23
592.36
7673.27
1363.57
7559.43
5974.91
8308.66
7799.31
7151.71
8722.50
824.30
1981.87
7402.57
5609.91
9137.85
4430.37
4943.39
7176.12
5330.06
2810.45
42.73
7815.48
5616.02
5282.14
2818.08
8394.12
8751.18
6519.06
1418.50
2942.90
2196.42
470.60
9998.17
5999.94
6349.07
8922.39
9279.76
2155.22
2148.20
9918.52
7536.85
4370.25
2377.39
5113.68
4790.80
2623.37
1967.53
110.78
8048.04
9455.85
7617.73
6848.66
382.09
3969.54
2044.13
2105.17
1679.13
849.64
3171.18
1175.57
3852.05
5964.23
3575.24
788.29
8341.62
5110.93
496.23
321.36
8717.00
7470.93
1727.65
5384.08
6183.35
331.13
7697.99
2821.74
814.23
6641.13
5054.48
1210.97
6318.86
1958.68
2067.32
5905.03
1154.21
2360.30
1157.26
2691.12
3803.22
9865.11
8870.21
9125.64
5019.38
6943.27
8601.03
7606.13
4860.68
6668.29
6386.61
9245.58
7318.64
77.52
5077.06
2606.59
359.51
7301.55
7198.71
6367.99
4186.83
4022.64
1819.21
9970.09
5539.72
9834.28
5731.68
1320.23
838.04
50.66
4265.88
5606.56
5989.26
7542.04
2041.38
4286.63
5665.76
6145.51
8975.49
8319.04
9870.30
2226.94
1854.00
4690.39
594.81
5945.62
6788.54
309.46
6395.76
8788.72
2854.70
2326.73
7683.95
8940.70
2244.33
8938.87
556.96
1043.12
7227.09
9747.31
1975.16
1916.26
9244.06
9730.83
4098.94
8794.82
441.60
5890.38
598.16
1650.14
2962.43
634.17
2747.28
6154.97
6296.58
965.30
8119.14
8856.17
8016.91
7528.61
9685.35
1113.93
8203.99
2585.83
8144.17
3379.62
2875.45
980.86
5279.40
6360.36
6731.47
3151.04
1169.77
644.86
526.75
4256.11
3057.04
1350.75
3389.69
8479.87
8686.18
9348.13
5389.57
2572.41
1932.43
5632.50
672.63
7692.50
3525.80
402.84
6479.08
3611.26
4683.37
3410.75
8346.20
4344.92
6468.09
7137.36
6820.58
9273.35
2677.69
9371.32
5985.29
8810.08
9088.41
6737.27
9113.74
8686.79
6850.18
5749.69
1766.72
1911.07
2861.72
2942.90
7645.19
2465.90
4927.82
651.57
7505.42
9805.60
4513.08
9993.90
6455.27
8218.94
4908.60
7624.44
9943.85
115.67
7619.25
7823.73
3749.81
7303.99
4786.22
6475.11
8292.18
9313.94
459.61
8506.42
2564.78
2839.14
8527.48
5342.88
8016.60
1352.58
119.63
3950.93
7681.20
8959.62
8298.29
4018.37
878.02
7550.89
2841.27
4847.25
8787.80
1323.89
2941.07
8513.75
1221.96
7723.62
623.19
860.32
9896.54
8874.78
2700.58
6883.75
8517.72
2565.39
4075.14
2077.09
5004.73
6843.47
200.81
6295.66
6145.51
7285.68
1517.38
1700.49
11.60
1010.47
7671.44
1349.53
6438.49
6487.93
4333.02
9995.42
881.07
3212.68
423.90
3649.10
1968.75
304.88
8569.29
9483.02
8055.36
8099.00
6579.79
2620.62
3090.00
1780.45
2789.09
1387.98
7118.75
1141.09
3044.83
7584.77
1722.46
5503.40
2174.14
3332.93
5713.68
7889.95
7737.05
1076.08
1395.31
7488.33
8873.56
8282.11
6703.09
4482.86
8063.30
3414.11
3534.04
6310.31
8607.44
4738.61
7584.77
9403.36
5645.01
8522.29
0.00
5486.92
3518.17
8189.95
6155.58
6486.71
7296.06
999.48
1879.02
7111.73
1272.01
3801.69
2425.92
9179.05
2247.38
4440.44
4521.62
6735.74
410.17
364.09
6783.04
6045.41
5626.39
1004.36
8830.53
9501.33
1951.05
5486.92
4405.04
7526.47
8179.88
2237.62
8800.93
7524.64
7240.82
2044.74
5926.39
3946.65
2253.49
1142.31
5309.00
8529.31
2055.73
5872.98
4350.11
4773.71
4018.07
5497.30
6151.01
5726.80
6954.25
4711.14
8213.14
9123.20
1944.03
2428.36
2332.83
8952.91
3876.77
8400.83
999.18
7519.46
1530.20
4228.34
607.93
7046.72
8998.99
328.99
6804.71
4901.27
6279.79
5427.72
2268.14
1486.56
1832.64
125.13
2250.43
4881.13
4925.99
1114.84
8180.79
1270.79
577.41
7604.60
4648.27
5251.93
4909.51
6506.85
78.74
9052.40
3722.34
7964.42
6412.85
4745.93
2105.47
7767.88
8100.22
8518.63
7896.66
8230.54
5726.49
1041.29
6798.61
4082.46
4575.95
3027.74
1972.11
4949.80
3453.78
21.06
5911.13
973.24
4070.25
5489.67
7416.00
3138.52
6306.04
6280.10
1478.32
4872.89
9668.87
9499.19
4888.76
6475.72
6253.24
4882.96
5376.45
8943.14
5517.75
1717.58
7099.83
8749.05
6190.07
4372.39
296.95
146.18
5613.57
5508.29
7906.74
6550.19
1849.12
1026.64
6976.23
7565.23
8841.82
5816.83
7666.55
3220.01
9966.12
4367.81
7668.69
1972.41
264.90
5305.34
4839.63
4044.31
2691.12
3918.27
5876.64
6652.73
8664.21
1734.37
3838.01
2698.14
8256.78
7210.61
2323.98
9471.42
324.72
6596.88
9130.22
8942.53
7888.42
9042.63
7185.58
6195.56
9079.56
4999.24
5590.08
7568.29
8970.61
1988.59
8561.05
5063.94
2592.85
6796.17
5100.25
8592.79
4459.67
8154.24
7202.37
2608.11
4904.63
8972.14
9402.75
8703.57
8550.07
2185.13
7492.29
722.07
5216.22
9274.58
9200.72
3955.50
8585.16
5526.60
4667.20
4982.15
2930.08
1095.92
9509.57
3715.02
3223.98
1927.85
8297.98
4218.27
8939.79
9608.75
1259.80
5855.59
6854.15
4203.62
2012.39
1333.35
3167.82
9145.79
9147.92
3202.61
255.75
2238.53
9475.08
5375.53
8356.27
1834.16
5736.87
1229.90
7516.71
2247.99
6611.22
4855.19
103.46
7478.56
1809.44
7004.30
9194.31
7284.16
85.45
2318.19
3155.92
4692.53
2968.54
9380.17
1732.23
8993.19
2027.95
165.11
3944.82
3282.88
2489.70
446.18
3122.96
625.02
1009.55
7721.18
9376.81
7882.32
421.46
8220.16
4821.62
1290.32
9269.69
9557.48
1871.70
2830.59
8938.26
592.97
9910.89
1467.33
6192.21
5059.97
653.71
8309.58
3940.24
526.44
7514.57
9761.65
8033.08
9251.99
9288.00
7724.54
2907.50
2497.33
3462.02
911.28
3895.38
4861.29
9471.11
6337.17
8999.30
191.05
7202.06
5047.76
7957.40
5643.79
1069.06
1149.33
1405.38
5450.30
4965.97
8201.54
7947.63
951.87
8408.76
2034.97
1950.44
8467.67
9184.24
4060.18
9873.04
1554.92
2813.50
4122.75
7942.75
9231.54
4146.85
6977.14
8994.11
6710.10
1395.61
1429.79
1276.59
222.48
7921.69
6228.52
7051.91
2482.38
2092.65
1743.83
3784.60
357.98
514.54
1521.65
5745.41
1314.43
4958.04
2755.82
8838.16
187.08
8286.08
9752.80
6457.11
2848.60
9700.00
9443.65
9199.50
8336.44
4613.48
3013.70
6230.05
5995.06
9469.59
2703.63
1123.69
9204.99
6807.76
7852.11
9993.59
2252.88
901.52
9235.51
4710.23
1910.15
9273.96
5776.24
9041.41
281.38
401.62
2671.59
502.95
483.11
2928.25
5015.11
5756.71
1719.41
6687.22
5964.54
2343.82
5312.66
860.32
3526.11
4589.98
8255.56
9574.27
5014.80
6472.98
5842.16
248.73
3250.83
9284.34
9948.42
5018.16
3558.15
6881.01
4513.99
523.70
5625.48
6352.73
4798.43
6403.09
9295.33
6909.70
1965.39
7781.30
8337.05
4804.83
9566.03
2078.92
1275.67
7105.62
3473.31
5448.77
3330.79
2123.17
1843.01
9153.11
8531.75
9318.83
6650.29
1196.94
6070.44
6489.15
3373.82
3526.72
9958.80
7056.18
388.20
106.20
6042.97
5260.78
4623.25
6186.41
5450.30
2083.50
5056.31
4078.19
8518.94
9698.48
599.69
5741.14
8280.28
7275.31
3944.21
7501.75
7557.60
5941.65
7923.22
7212.74
8735.01
5717.64
5957.82
9166.54
267.95
2235.79
3146.76
7074.50
8996.25
6059.15
9565.11
426.34
2314.22
2408.22
2327.34
4539.63
9275.19
4112.98
7990.97
9614.25
4674.52
5595.87
1844.54
9101.84
5193.33
707.42
5662.71
2705.77
1648.00
2219.61
472.12
4322.03
6418.04
5789.97
5905.94
233.47
113.53
6214.18
2697.84
7870.72
6541.95
8774.99
9888.30
451.06
37.54
3501.08
3293.86
7813.04
4218.27
5148.78
6816.00
8747.52
6230.66
6718.04
3137.30
5151.52
5543.08
9319.13
5379.80
3309.12
1356.55
6194.04
6280.10
2612.38
7687.31
3717.46
6448.26
7037.87
189.83
7176.43
8269.60
9687.19
3780.33
4151.43
7014.68
5710.93
5123.14
3306.99
5718.56
3918.88
9043.25
1404.16
5392.01
2397.53
2925.50
6349.07
7126.68
8443.56
8169.50
9088.11
7658.01
8123.11
2750.02
2164.07
4948.58
5777.76
3961.00
7745.29
5350.81
8780.48
5391.71
2937.71
8916.59
7858.82
7208.17
5198.83
4413.59
8297.37
3794.67
5656.61
609.45
2332.22
7823.73
3155.61
5390.79
8048.65
4810.94
6835.23
9273.66
5093.54
7225.56
56.46
4873.20
2520.83
2208.32
3491.62
8892.48
9074.07
1969.97
179.45
8192.39
1225.62
926.54
375.38
6507.16
9282.21
8633.99
8989.84
3366.80
6865.44
2587.36
3442.79
1787.77
4091.31
9947.20
4741.05
6297.80
9745.48
2250.43
9584.64
7852.72
2779.93
2176.58
6328.93
7213.05
8438.67
6422.62
2600.79
3338.42
9320.66
3758.05
7391.28
8363.90
6700.64
2314.52
5429.55
5721.31
2416.76
5179.60
6659.44
2968.54
6632.59
8349.56
8621.78
5886.72
1795.40
113.22
4561.30
5410.02
8095.65
5920.29
5068.82
3950.01
743.43
7800.53
6070.74
2678.30
4375.13
2397.84
978.42
6326.49
4898.22
6680.81
9811.40
7069.00
4094.06
5388.35
3102.21
4051.64
7284.77
9279.15
3405.87
125.43
9378.64
8242.13
2210.76
2351.76
9607.84
8334.91
5079.81
7837.15
270.09
6809.29
2821.44
1464.58
9787.59
4187.14
1511.58
7082.13
5391.09
7450.79
9174.47
8708.46
5750.91
3406.78
1934.87
3323.77
8858.00
6292.92
7459.03
1803.34
5470.75
8679.16
8489.33
9557.48
3445.54
9737.54
4291.21
3441.88
3252.97
9935.91
2822.66
6501.97
1.53
6218.45
1438.95
7108.07
2276.99
6740.01
8943.14
4049.50
3110.14
9210.49
6799.83
4148.99
3385.42
1917.17
2319.10
3957.34
3005.77
1485.34
1626.64
2094.18
121.16
6438.49
5232.09
3794.98
3738.21
621.66
4005.25
4227.12
18.62
5553.76
8378.25
2139.04
7585.68
5761.89
8579.97
403.76
2141.18
6174.20
8719.14
5018.77
5718.56
5619.07
2529.37
9125.03
870.39
5505.23
3583.48
3610.03
5115.21
7736.44
7795.95
854.21
5946.53
928.98
1019.93
3183.08
1723.99
8993.50
9559.62
2591.02
8755.76
1138.04
6397.29
3296.00
9879.76
7365.95
965.00
3688.77
4870.14
8517.41
5255.90
9240.39
7964.42
4931.18
4099.55
2925.81
2837.00
2776.57
2410.35
4736.17
324.41
2127.75
7218.54
6826.38
9217.81
5834.83
7300.64
5878.78
5432.91
3262.73
8221.08
9230.02
9875.79
7951.60
5593.13
6332.59
304.57
3268.84
4378.49
2111.58
7517.32
5110.02
7032.69
3776.97
1159.09
5713.37
8310.19
7654.35
5479.29
7650.69
9544.36
7601.25
335.40
2055.12
209.36
1565.29
7769.40
152.59
9584.03
7850.58
9457.08
2152.78
6320.99
7651.30
5354.17
2568.44
8741.72
5421.00
8843.35
6022.22
3666.49
3634.14
8698.08
2604.75
6590.78
3504.44
3176.06
6845.30
1022.68
8224.13
6553.54
9357.28
9792.17
284.13
3412.89
5225.68
6146.43
9439.68
998.87
8191.17
7443.16
2880.64
4951.02
4699.24
9252.30
4176.46
8728.90
6876.13
2681.05
2546.16
2040.77
8490.25
2737.51
9029.82
8591.27
2967.31
534.38
1110.57
8451.49
7518.54
7161.47
2362.74
5378.58
2440.57
2023.68
8676.11
4383.07
9659.72
3469.34
7628.41
9865.72
9572.13
4513.08
2563.25
9632.25
250.25
1470.08
7938.47
5099.34
8073.98
8312.94
7505.72
3005.46
3848.08
4562.82
1884.82
8937.04
3475.45
9530.32
7096.16
7983.64
7237.77
713.22
609.76
2835.47
6756.19
9171.42
6480.61
4634.85
3689.08
9680.78
6125.06
6891.69
9229.71
8491.78
6305.12
7780.69
8467.06
6493.12
883.21
1128.88
8674.58
599.69
7909.48
1407.51
5585.80
1176.18
8599.20
3038.73
6719.26
8307.14
9773.86
9333.78
5819.57
4727.62
6317.03
1368.76
7473.07
8229.32
5213.78
2120.12
5959.96
1344.95
7734.31
6161.08
7410.20
1139.26
1324.81
238.04
9321.88
6901.76
7769.40
5042.27
6502.58
8568.38
9179.36
3479.72
7503.59
3673.82
8383.13
5762.50
601.21
5656.30
5269.33
6624.96
3393.66
1316.26
5649.28
4984.28
5071.57
254.52
4204.23
1353.19
5428.63
4090.40
8074.28
3321.02
9673.15
8278.76
2655.11
4409.92
3100.68
4339.12
6167.18
6627.09
4694.97
5305.95
4550.31
2017.88
3715.93
2214.12
3261.21
3536.18
8337.66
4431.90
7520.37
543.53
401.93
1653.49
7583.54
9251.08
5345.32
367.44
592.97
3410.75
1365.70
2606.28
5574.51
5580.92
6889.86
9794.92
3139.74
4262.83
401.62
9510.48
6460.16
7233.50
1701.71
7964.42
5070.35
6379.59
8648.95
6018.86
8070.01
4350.72
8455.76
1550.34
8277.54
8338.88
7598.80
5976.13
3909.12
1300.09
9400.62
7750.18
9334.09
5931.88
3353.98
645.16
1478.32
1713.00
5244.30
9635.61
3435.47
327.16
2135.69
2183.90
1843.62
9774.16
1285.13
7756.89
9598.68
2485.12
7040.93
3371.07
457.47
7759.03
4795.68
7991.27
7104.10
3820.61
6050.90
3583.48
9228.49
9825.74
3655.51
5646.23
3192.85
3117.77
1287.88
1022.37
9841.00
2051.45
6233.10
5811.33
2011.47
9695.12
9525.74
1190.22
8326.98
8723.72
2519.30
9958.80
4807.89
2817.77
3943.60
1617.18
886.26
4876.86
6510.82
8795.43
1375.16
7362.90
7137.67
2837.00
955.53
5084.08
9841.30
1363.57
2748.50
5733.21
5375.53
5615.10
7529.22
8493.61
6665.55
394.60
5149.69
6021.00
4107.18
4422.74
4730.37
119.94
9792.47
3908.81
5182.65
6422.62
4720.91
7166.36
2629.78
8382.82
8066.35
3066.80
6278.88
5901.97
2551.04
1161.84
9318.22
8894.01
5001.07
6271.86
6392.10
1104.46
6136.66
5363.02
4224.07
4498.43
8663.29
9521.47
6944.18
9522.69
7728.81
8836.33
2686.85
1563.77
2803.13
3008.21
3020.72
8908.05
5048.68
5488.75
1774.35
2517.17
9239.78
3972.29
4815.82
2935.88
4295.48
5044.10
7355.27
4636.68
1491.13
5802.79
326.85
3121.13
4403.52
268.56
2417.98
5088.35
9660.02
3388.47
9302.04
6979.58
2550.43
449.54
6642.66
2216.86
6564.53
4719.69
8431.96
2443.62
915.86
1119.11
7219.15
3083.59
5121.31
8741.11
7799.00
8526.26
4687.95
33.27
918.91
7256.39
6979.58
9451.58
8569.60
2234.57
1321.15
9397.56
7416.30
6847.74
2402.42
6256.60
1941.59
1734.06
1045.87
4342.78
3855.71
2804.35
1400.49
569.48
9338.36
5763.12
8623.92
7653.13
675.07
7447.43
6114.38
8664.51
3853.27
9296.24
6357.62
741.29
8674.28
3258.77
4447.77
774.56
2948.39
5458.85
8347.73
876.19
7336.34
7923.22
4950.10
6448.26
2395.40
3690.91
6000.55
4659.26
4397.11
5614.49
2949.00
6146.12
1474.65
4161.50
4786.22
7749.56
6666.77
4537.19
7934.20
9096.04
9417.71
8431.96
2246.47
842.31
2097.84
713.52
2188.79
7392.50
3104.34
6370.74
7252.72
1895.50
3108.31
8024.54
673.54
6349.07
6007.87
9317.61
512.41
4604.33
1150.24
4496.60
2159.18
1100.19
8388.93
9497.05
6329.54
3129.37
2529.98
4843.29
1608.02
9452.80
8742.03
5681.94
5609.30
3073.52
5479.29
9251.69
3809.02
986.05
6491.59
5109.41
118.41
8707.54
8475.29
8423.72
8258.31
2406.38
5934.93
1643.42
7992.49
6446.12
9810.79
4863.73
5293.74
9145.48
1440.17
189.21
491.96
4576.86
8414.26
419.02
3476.97
3213.29
3889.28
7357.10
12.21
9233.99
5920.90
66.53
8226.57
7301.25
8375.50
8376.72
9340.80
6626.79
9992.37
1955.02
1699.58
5130.77
3146.46
261.24
2163.46
1515.24
8886.99
3691.21
3926.82
8057.19
9801.63
1221.96
4825.28
1937.31
7280.50
4880.21
5193.33
7919.86
4735.25
6331.37
9335.61
184.94
3336.59
5915.40
9672.54
6144.29
1835.08
9436.63
7626.27
30.82
7026.58
3015.84
307.32
9095.13
6423.84
1325.72
7061.68
204.78
9699.39
9515.98
4946.13
9674.06
457.17
4140.45
7193.21
4120.30
4903.10
3405.26
3722.65
5175.33
8968.17
2040.16
7770.32
5851.92
454.12
1116.37
7690.05
1385.24
7761.47
8115.79
7995.54
2360.30
1758.48
7565.23
8702.96
2934.05
2361.52
7553.94
7034.52
1970.28
6381.73
2438.43
551.16
9897.15
8205.21
7052.52
5771.97
9096.96
9868.16
2734.46
1342.81
646.99
2087.47
482.50
9821.47
5220.80
2812.59
1550.95
7135.53
956.14
4858.24
802.94
3780.94
6117.13
9181.49
3125.10
6820.28
9345.99
5366.37
8225.96
6742.76
5330.06
5879.70
4121.22
8254.34
8689.54
5654.77
4628.44
9050.26
3899.96
3574.33
1171.30
5644.09
4064.15
7407.15
4219.18
305.19
6341.14
8764.61
4663.53
8177.13
6851.71
9641.71
450.45
8627.58
2865.99
7099.52
8780.48
9906.00
5090.49
7657.40
9183.63
1160.01
7864.31
7951.29
7789.85
879.85
76.91
3228.86
8101.44
5829.34
4626.61
233.77
8581.80
9529.10
9217.81
6052.13
2374.03
4351.94
6324.96
9474.17
9459.82
6295.97
5128.94
6440.02
6572.47
6492.51
3234.96
6131.17
5177.77
8519.24
990.94
9266.03
2831.81
5571.46
6216.01
5167.70
8231.15
6565.45
2148.50
9161.96
5266.27
5223.24
6435.44
6870.33
6393.63
1213.11
3961.61
6960.97
632.65
7403.18
1346.17
8918.42
6508.68
2285.53
5907.47
7394.63
5245.22
1646.47
6913.66
9706.11
4526.81
8531.45
1932.43
8037.05
8138.37
5575.73
6090.88
2912.08
1795.40
8760.64
7054.66
9501.33
481.28
6657.92
3546.86
3319.50
7597.89
4224.68
212.41
6883.45
1243.93
5212.87
6642.05
3886.84
7941.83
2251.66
3369.24
2458.88
9107.94
8671.53
2654.19
4067.20
599.08
1126.74
6863.00
9627.06
632.04
7083.04
2257.15
9380.47
6395.46
6227.30
1008.64
8107.24
4667.20
9872.13
9245.58
2231.21
6747.34
7403.49
3949.71
383.01
3018.89
3848.38
6511.43
3981.75
7452.62
7612.84
5759.15
9399.40
7362.59
2462.84
8272.35
8269.91
8730.13
2802.21
8792.38
7505.11
2406.08
6316.42
8545.49
5580.61
1506.39
3040.56
4286.32
6651.51
5306.56
4917.14
5876.95
9066.74
9958.19
4902.49
5214.39
9835.20
1330.91
9689.02
4316.54
1617.48
297.86
5100.25
5384.38
3794.06
5772.88
8228.10
644.55
4181.34
5815.61
5366.37
4793.24
2953.28
2115.24
9812.01
7848.75
5333.72
8165.84
8587.91
1226.23
4619.59
6444.90
2157.05
4850.31
2099.06
4908.29
6187.32
8110.60
5427.72
8116.09
9426.56
2481.46
2021.24
3296.30
6756.80
8614.46
9034.70
6665.85
1486.56
5711.54
6481.83
315.56
5941.04
6001.16
5065.46
4976.35
4417.55
2122.26
5272.99
8973.66
7568.29
229.19
9308.76
8689.84
2267.83
6636.56
2415.85
838.65
6035.34
804.47
5161.29
1872.92
65.00
2493.36
3232.52
4829.25
9939.27
5881.53
6324.35
8930.63
8071.84
8475.29
2664.27
2251.96
6960.05
7614.06
748.31
2768.94
7293.92
2384.41
4844.20
8092.59
9994.20
3758.96
5828.12
9212.01
6238.59
769.07
3915.52
8552.81
4536.88
5525.99
4848.48
7662.59
8922.39
4901.27
6103.40
4840.54
7315.29
1679.74
4679.71
8018.74
4128.24
3000.89
3033.84
3209.63
6170.23
8891.87
4721.52
3836.18
5913.88
8715.78
6305.73
1247.60
1190.53
8341.01
7101.05
1744.13
5370.04
5844.90
3309.43
415.36
7095.25
8566.24
8115.48
7108.37
3626.82
9317.00
4298.23
4836.57
6866.05
4567.09
928.68
5944.09
6113.47
2415.85
708.03
6335.03
6630.45
3157.45
9516.89
3082.06
8063.91
259.10
4728.54
5726.80
1794.18
4563.43
3861.81
6582.23
1276.28
9521.78
121.46
355.85
4425.49
278.33
6399.73
8396.56
2121.04
4414.50
4294.56
7885.98
1885.13
7163.00
9713.13
1283.61
797.14
8910.49
1617.18
6338.08
6712.55
7795.95
5477.77
1974.55
1841.18
5220.50
7995.54
379.35
7755.67
7077.85
4658.04
583.51
5883.97
8521.68
6688.44
3864.25
2555.31
5080.11
8951.99
6275.52
2659.38
7931.46
5381.33
8620.26
978.73
6149.17
3486.13
9176.92
5262.92
3736.38
4504.23
9490.34
100.10
4255.20
761.74
8543.05
5656.91
867.34
6802.88
5618.76
336.01
4596.70
5849.48
7168.80
1431.01
8627.58
8159.12
7994.02
2825.40
1449.63
2834.86
2056.03
3808.40
6666.46
9661.24
3233.44
8065.13
2269.97
2513.81
1324.81
6904.51
7209.08
923.49
3625.90
5790.89
8045.90
1337.63
7379.38
8234.20
3530.99
4658.35
3419.60
6110.72
9897.15
1608.33
6320.99
469.07
4686.12
2494.28
1360.21
1888.18
1929.07
2924.28
3612.17
4447.77
6481.52
2047.79
9481.49
2374.95
333.57
4875.33
5992.31
3430.28
8705.71
5243.39
8142.95
8092.59
8739.89
987.58
9639.27
8608.36
8604.08
7883.54
7319.86
6966.77
9816.28
3919.80
4585.10
5862.30
605.79
468.46
4142.28
1709.34
3121.74
1908.02
5379.80
3769.04
2301.10
269.17
6683.55
8452.10
9208.96
6461.38
8005.31
2859.89
6666.46
4643.70
3999.76
6627.40
9973.14
1305.28
3039.34
6127.81
541.70
5610.83
2419.20
103.76
5255.59
2580.95
5069.43
786.46
9358.20
5668.51
8080.08
9566.94
5695.06
286.87
8357.49
1276.89
8112.13
4864.35
5721.00
6152.23
1828.06
975.07
8753.62
3525.80
8593.71
9117.71
3719.29
6329.54
9443.04
1698.05
1859.49
453.20
2862.94
9786.98
5380.41
8034.30
1178.32
5202.19
7444.38
8730.74
2976.47
4492.32
6476.94
8050.48
4376.96
6373.49
105.90
6788.23
6963.41
9185.77
9037.45
643.64
5186.32
9933.77
6188.24
4073.31
1051.97
1469.47
1385.24
7445.30
8910.18
9385.05
6942.35
1557.66
8147.83
5169.53
4428.54
8582.42
6610.61
7205.11
7942.44
3495.90
2557.15
6152.23
4198.74
5063.02
7959.84
6293.22
4748.99
432.14
966.83
9397.56
639.06
2407.91
339.67
2664.88
4823.76
3459.88
9669.79
7318.03
2645.04
5533.92
4196.91
9397.56
5692.31
9727.16
8039.19
9329.51
9351.79
4886.01
4640.64
1824.70
9359.42
9196.14
8258.92
2671.29
7673.88
3820.31
9297.16
3984.50
2972.81
2651.14
1297.34
4476.76
6095.46
7238.38
2408.83
6310.31
5736.87
955.23
9136.02
5092.62
4707.79
1467.02
5188.76
4579.91
2076.78
5558.95
3242.90
2650.23
1498.76
5394.45
2419.20
108.95
1053.19
257.27
9302.96
8886.99
4892.73
2850.12
5305.34
1197.24
2025.51
4199.04
8191.78
6213.26
2537.31
6240.42
575.27
5823.24
6566.36
6142.46
3203.22
6035.95
6346.02
1428.57
5833.61
5589.16
6625.57
9964.60
3526.72
8327.89
3783.68
3869.75
1159.70
917.08
8944.37
1418.81
3972.59
2447.28
5408.49
5992.61
6964.02
7495.35
5718.56
6143.07
948.21
9208.96
8659.02
5833.00
8084.35
3969.85
1514.33
8915.98
4687.03
4203.62
7893.61
6915.19
4141.06
894.19
6431.17
4166.69
7722.10
2370.07
680.87
9387.19
6138.49
921.96
5515.00
7731.56
9614.55
3813.90
336.92
2400.59
9314.25
253.00
4425.18
9862.36
7929.93
878.02
4716.03
7746.82
2241.89
1328.78
1344.65
9483.63
5464.34
6463.21
1247.60
4735.86
2184.82
6777.25
5147.86
9701.22
3720.82
3598.13
8228.10
6333.20
6693.32
4608.29
9811.70
4559.16
2636.80
6261.18
2356.64
6539.81
1459.70
4659.57
5081.33
7048.86
6560.26
1448.10
2527.85
9025.54
4419.08
6291.39
3384.20
8365.12
6475.11
2494.58
9868.16
7012.54
6099.43
7332.07
2993.26
8415.78
8479.57
3645.13
4025.09
4408.40
6225.17
4272.90
7441.33
7578.05
8511.61
5875.12
5708.18
8187.51
6567.89
3714.41
1185.64
9707.02
3326.21
3958.56
5475.94
2024.60
46.69
5060.88
1521.96
6393.32
7721.79
4790.49
8776.51
1178.62
6082.95
4465.47
6747.03
2471.39
8015.69
6957.30
7235.02
8624.23
2197.64
26.25
574.97
2776.88
1771.90
1554.61
6194.65
2433.85
1866.51
8231.45
2799.77
153.51
3777.58
4261.30
8503.98
4413.28
8620.56
1653.80
6209.60
4713.28
8269.60
8656.58
4557.33
9981.69
6395.46
7897.27
9751.88
4341.56
7409.89
791.96
8582.72
9305.70
6136.66
9790.95
7945.49
6457.11
6013.98
5011.44
1181.37
9682.61
8648.64
6835.54
6546.53
1018.10
2525.71
1020.84
8118.23
9172.03
3696.71
7898.50
4461.50
4782.25
6245.61
2209.85
5357.52
1479.54
5359.66
5158.24
1911.68
6811.43
805.38
5220.80
355.24
2089.91
3630.18
9301.13
4847.87
5232.40
3896.60
769.07
9597.77
5648.37
2266.61
5964.84
5612.05
5243.08
3245.34
5714.90
2387.16
4594.26
2895.29
3435.77
9854.12
8370.62
8840.30
6381.42
886.56
9045.08
5361.19
1593.07
9695.12
2979.22
1407.82
3126.93
6404.00
7926.88
4329.36
2104.25
3140.05
6028.93
7141.03
6164.43
1933.04
1358.99
2138.13
9869.99
9744.87
6081.73
8672.75
2631.92
943.02
4286.32
7898.80
5720.08
2526.32
7560.35
2305.37
4912.87
2416.76
1361.43
2847.38
358.90
6130.56
6255.68
1485.03
205.69
2140.26
3078.40
1947.69
9560.84
1243.02
6085.70
6530.66
1345.87
241.40
3155.31
1741.69
613.42
5256.20
7101.66
607.32
8874.78
4979.09
7166.36
4451.12
16.48
9180.58
4746.85
1956.24
4359.87
2782.37
2425.61
8328.81
2424.39
810.88
363.78
2367.93
4965.97
4539.93
9119.85
4260.99
842.31
4139.23
2953.89
1911.98
9275.80
8138.37
2689.60
8619.34
8071.54
5019.38
2182.07
9911.80
4357.74
7251.81
7465.44
2359.69
9404.89
3080.23
2637.41
2170.17
4090.09
6380.50
1546.68
6378.06
6571.86
9891.05
9339.88
4449.29
8728.60
2140.26
2937.41
3107.70
2934.35
3374.13
4497.21
2193.67
5726.80
802.03
6927.70
4373.91
9931.64
8470.72
5515.00
6508.99
1807.92
2079.53
4726.71
5494.55
4775.23
4052.25
4252.45
6387.52
6284.07
9170.20
3346.05
5630.36
9395.12
6088.14
7531.05
7184.67
5626.39
5041.35
6731.47
4388.56
633.87
7055.88
8892.18
5347.15
9286.17
4973.30
8147.22
4673.30
1694.08
1608.33
1604.66
9386.88
6764.73
5344.71
3806.57
1787.16
4831.39
8486.28
2924.28
7110.20
5933.71
8673.67
7758.11
8783.53
5300.45
8681.91
9598.68
9092.38
2605.06
4906.16
8014.47
8066.96
6551.10
9854.73
4626.91
8405.41
1352.58
8955.35
3938.11
9245.58
6672.87
6993.62
5268.41
6594.44
7580.49
4490.19
4873.50
3232.52
6089.97
9333.17
2297.74
5903.20
844.75
3975.34
28.69
2597.74
6508.07
3514.51
515.15
7752.62
9423.81
4959.26
9610.28
8168.58
1108.13
3003.02
503.25
7465.13
6137.58
2613.61
7203.59
1882.38
5992.31
3750.11
1634.88
5243.08
5419.48
8523.21
3408.00
5887.63
2879.12
6107.36
6330.45
3394.27
1634.57
5722.53
717.80
7895.75
3049.10
2991.12
5567.19
9808.65
8652.61
9988.71
9656.67
2782.07
2539.75
4297.31
5634.94
7685.17
665.00
7376.93
6158.94
437.94
8590.96
7563.71
6146.43
1507.61
4258.86
8011.72
203.56
9872.43
7340.31
4885.71
9292.58
9273.35
1733.76
6124.45
5696.58
9563.28
2768.03
6078.98
351.88
965.91
5674.92
6344.19
1603.14
4058.35
6893.52
8094.73
9448.23
3285.93
4771.26
6235.54
4332.10
6828.82
1219.21
682.70
4557.33
624.71
887.78
5087.13
1366.62
9368.57
9426.86
8307.14
5766.47
2292.25
7384.56
8952.91
6149.17
6547.14
1321.45
8307.44
780.66
5992.92
8686.79
1938.54
4212.47
8210.70
8029.42
5315.71
1681.57
7552.11
1105.38
3742.48
563.07
7033.91
8440.20
1918.70
2934.66
6894.13
4909.21
3444.01
8315.68
2620.93
6904.81
5573.60
646.99
266.73
7642.45
9542.83
8572.34
1858.27
2178.72
1769.16
3076.27
8719.75
8696.25
6246.83
1558.58
5515.00
7619.25
3443.40
2386.55
2829.07
5128.94
6013.98
9005.40
1094.39
2629.17
6645.10
7657.70
3676.87
8737.14
8338.27
7781.00
1936.70
5352.95
2448.81
9142.43
73.55
4374.83
4790.49
4774.62
2569.35
6621.60
5118.87
3774.53
2039.25
9524.22
306.71
3028.96
309.46
5148.47
6523.03
1926.94
526.14
5115.51
727.87
9123.81
3114.72
3974.43
6797.69
5418.26
3397.63
7598.80
6588.95
1806.39
3685.42
8162.48
1259.80
6772.06
7653.74
2262.03
3155.92
1878.11
9815.97
3744.01
3573.72
9723.81
7907.96
7803.89
6718.34
3323.47
995.21
7914.37
5162.82
978.73
1114.23
2151.55
7125.46
5695.97
1261.33
475.78
874.66
3220.62
7543.26
9533.37
6577.04
7748.04
8299.20
6536.76
895.72
9368.57
8008.36
8796.96
4660.79
2316.66
8794.82
453.20
8913.85
8084.05
7343.06
2981.05
9644.15
2454.30
35.71
1026.34
6532.79
531.02
4127.02
136.11
6009.40
8812.52
7763.30
7947.33
3937.80
8382.21
6663.11
5392.93
8246.41
8274.18
272.53
9492.48
6808.07
3076.57
5203.10
4284.19
889.92
3837.09
8767.05
1467.94
9480.88
6328.93
425.43
7314.37
4809.11
5746.02
3956.72
7407.15
4365.98
1884.82
8160.65
5780.82
9745.48
3876.16
8911.71
13.43
7610.40
8532.06
368.66
8842.43
3103.73
1365.70
8163.09
3857.23
1011.08
4354.38
2365.18
1841.79
4990.08
9498.28
3055.21
9320.35
180.06
2243.72
6298.10
5874.51
9501.02
3835.87
3346.35
7791.68
8958.10
6654.26
873.74
8609.27
2262.03
1602.53
5060.58
8113.04
78.13
1611.68
7334.82
6358.84
4217.96
316.17
4589.68
4272.90
2081.36
9971.92
1684.93
7400.13
1670.89
7671.74
9044.47
4354.38
2478.71
3927.12
3166.60
6544.39
2569.96
2673.42
2855.62
726.95
7166.66
6765.04
8988.01
957.67
9049.96
8019.35
626.85
1495.71
6090.27
5876.03
5298.01
7231.36
6219.98
3731.50
6235.24
3193.15
5158.24
7011.02
4414.20
9701.53
7204.20
2041.38
8182.62
4726.71
4406.57
9789.42
8299.51
19.84
4428.54
3521.23
1198.16
2573.32
2411.88
4456.31
8286.69
7975.71
7162.08
4466.69
4089.48
7225.26
6957.00
9891.96
1057.47
3562.12
5303.81
5530.26
3843.81
883.51
1943.11
2867.21
868.56
300.91
9424.12
1604.36
5980.10
6407.06
555.74
8553.73
8026.37
9810.17
7051.91
2953.89
1149.63
7502.98
4677.57
2279.43
3615.83
7624.13
5214.09
7597.58
7990.05
176.40
552.08
2538.53
475.17
266.12
9226.05
4943.39
2222.66
5423.44
700.40
5247.96
424.82
3566.70
7728.20
669.58
2009.03
3176.37
2081.06
9255.96
7741.02
2234.57
3977.48
2858.36
9548.94
7500.53
508.13
3097.93
8884.55
677.21
3384.81
9377.42
8932.16
3037.81
1312.30
3007.90
8475.91
5070.35
7305.22
6514.18
241.71
2703.33
6256.60
2173.22
1523.48
6678.98
3075.35
8858.61
9905.70
6629.84
6700.34
1243.63
1898.86
6427.81
305.19
434.28
7295.75
2363.66
3012.18
88.20
7063.51
721.15
3414.41
7083.96
7582.32
6309.70
234.99
804.47
9045.69
8513.75
422.38
98.57
832.85
6426.89
0.92
1975.77
1666.62
9629.81
7988.52
1105.08
7367.17
6173.59
8692.59
4177.98
4017.76
4334.85
2698.45
8194.53
9354.84
9702.14
1859.49
6739.10
186.77
4155.10
8606.52
3307.29
8669.70
8305.00
4882.35
5745.41
5233.92
3948.79
1022.37
865.50
990.63
8110.60
9885.25
3300.27
7419.35
5224.77
6551.10
7656.18
6153.45
9026.76
8900.42
8032.17
6678.67
714.13
9381.70
3963.13
4750.82
4937.90
3283.79
6851.71
9350.87
190.44
3826.41
5950.50
985.75
5149.39
9377.42
7959.53
9153.11
7540.21
3110.75
9295.63
1772.52
7082.74
422.99
5104.53
4409.01
9081.39
4410.54
4070.56
2087.77
221.26
4728.54
3091.52
1524.09
3136.39
142.22
877.41
6573.08
1306.50
79.65
4539.63
4713.58
851.16
5502.79
8229.01
7384.87
780.36
4405.65
7888.73
1976.68
8264.41
2256.54
1181.68
8297.98
484.33
2691.43
6658.22
7325.66
9630.12
8776.21
1220.13
5055.39
2601.70
144.35
9954.83
9260.54
1985.23
6331.06
7387.62
1971.80
9855.04
1605.58
4229.56
5496.99
973.24
1626.03
8670.61
4782.86
6949.37
7216.41
6287.73
3942.08
7911.62
5591.30
7630.85
9748.83
3269.45
4329.97
7543.87
9921.57
8113.04
8420.36
5288.86
9004.18
6824.55
5677.66
9531.54
9655.14
456.25
860.01
7255.17
2160.71
9443.04
3781.85
660.12
9984.44
8206.43
1749.32
1115.15
4159.37
3218.18
1620.23
4223.46
4348.28
1083.41
1808.22
5060.88
9369.79
8203.99
9539.78
7657.09
5011.75
8586.08
3676.87
7773.06
1943.72
1358.68
8420.97
3045.75
1538.44
4557.94
8204.60
9555.35
2415.85
6743.37
9091.46
8882.72
5521.71
3011.26
6988.74
4716.33
555.44
6963.41
7991.27
3075.04
1557.36
5194.86
1164.59
5202.80
4468.21
5866.27
9085.36
7204.81
4473.40
7916.50
6443.37
5482.04
5947.45
2486.34
2028.26
2032.84
2804.04
3110.75
4401.99
8675.19
2075.26
6240.73
6579.49
4260.38
8518.02
8662.07
21.97
3939.02
3075.35
3371.99
3264.56
4534.75
2993.56
472.43
5478.68
5100.25
6413.77
4647.66
292.67
6707.05
9247.41
5784.48
178.84
537.43
7150.18
4301.89
6717.73
8341.01
407.42
7748.34
7053.13
4314.10
4539.93
231.94
1853.69
2470.47
4444.41
1245.16
5090.49
8561.05
4885.71
5445.42
939.66
606.40
5143.89
9956.66
8131.96
7108.98
638.45
751.67
7051.91
6996.67
9335.00
4682.76
9906.00
373.24
5749.99
8711.51
9268.78
4130.99
366.53
2916.04
5319.68
1484.73
7273.17
8828.09
7085.48
9501.02
7834.71
9660.02
7997.07
3672.29
3215.13
3996.09
1077.00
3607.59
3557.24
9498.28
4068.12
8897.67
6636.86
8195.14
9813.84
9218.73
3801.69
9916.68
2208.32
7736.44
6006.96
5434.43
3023.16
1875.36
7762.38
5872.98
9927.06
511.49
1800.90
9950.56
1006.50
1653.49
2284.92
5617.24
6107.06
9676.50
9355.45
7649.77
300.30
6167.49
2845.55
7762.38
9793.70
3447.07
7966.25
8805.51
5593.13
4830.16
774.86
9603.56
5233.31
685.14
6243.78
2002.62
7886.90
4360.48
6736.96
6689.05
3162.94
7032.08
3711.97
9334.39
8912.93
5541.86
453.81
3641.16
8349.56
2288.28
8660.24
2844.02
1795.71
1227.45
6683.25
6226.08
3377.48
9050.87
2246.16
2224.19
7966.25
5601.37
7444.99
4673.60
8690.45
2591.94
8846.09
3760.80
325.94
4684.29
496.84
8247.93
8877.53
1995.30
2656.33
526.75
2662.43
8091.98
4062.62
1068.15
5214.39
2535.78
546.28
3829.77
5311.44
2042.30
7807.25
9179.36
4450.82
9314.86
1158.48
5905.64
7072.36
3615.22
63.17
8869.90
3851.44
2140.57
260.93
3864.86
3371.07
6257.52
1309.55
6245.61
2483.29
1664.17
2348.09
4888.15
675.68
6542.86
3894.77
8047.73
8755.46
6759.54
8493.00
2669.76
7159.03
2179.02
8016.60
3723.26
4207.59
3157.14
448.32
5114.90
9613.33
1265.91
3945.74
8747.21
3551.13
3327.43
999.18
3284.71
6614.28
2802.82
506.00
9190.04
955.23
7613.15
562.76
1590.32
7935.42
8446.00
9797.05
7540.21
2587.66
6611.83
41.20
9239.78
211.19
5517.14
8173.16
9773.55
5404.22
4809.11
9923.09
2931.30
8853.11
1261.94
3469.65
3673.51
2186.35
5461.90
5633.72
801.72
6210.21
8356.27
8479.26
8402.36
2830.90
6729.33
9139.38
7618.64
5986.82
1664.48
677.21
5319.99
1890.32
9058.50
6795.56
1227.15
3904.84
6248.05
8201.54
55.85
2359.39
3814.51
3451.03
245.67
4618.06
6622.82
2074.65
5828.73
5716.42
3165.07
2799.16
3010.04
4875.94
7265.85
4684.29
8015.38
8211.00
1212.50
3977.48
7770.01
2938.02
4375.44
4507.28
9974.06
3403.42
6377.15
4421.83
4133.12
4238.11
8876.61
7088.23
111.09
954.62
5028.84
8965.73
5761.59
3297.83
680.56
2263.25
205.39
1663.26
6371.35
5193.64
4316.84
1891.54
4192.33
7639.70
4975.43
8757.29
8575.09
5041.66
4654.38
3459.58
5066.99
8320.87
2900.17
5430.46
6158.02
2649.31
1270.18
3772.09
8219.55
2882.47
8290.96
8633.69
8620.56
8461.26
5995.36
7844.48
7081.21
5600.45
4609.52
9111.91
327.46
9577.62
6941.13
3099.46
4108.71
4925.99
9040.80
7695.55
1641.29
6357.62
8694.72
8784.14
2540.67
8213.75
8311.11
7837.15
1303.75
5269.94
3764.46
1629.99
9406.11
2696.62
5759.45
4402.60
70.50
7994.32
5275.43
7771.23
9781.79
2713.71
9657.89
8708.76
5592.52
6773.28
914.33
904.26
2300.79
3186.44
2781.76
9812.92
8548.84
6013.06
8124.94
6707.36
5910.21
9344.77
3229.47
2051.45
30.21
137.03
553.00
3498.64
7878.05
2704.25
6493.73
8830.84
172.73
7685.17
5742.97
9154.94
3051.85
3292.95
8781.09
2663.35
8037.66
1666.01
4081.24
4273.51
4366.59
8126.16
1582.08
1459.40
2746.97
6159.55
8992.89
1586.66
4601.89
5935.24
7492.90
1064.49
5865.35
9167.76
8387.10
1625.72
9390.24
8143.25
7283.85
4049.20
5032.81
1715.45
7351.60
4635.15
1474.65
6090.58
8221.69
4747.76
8847.32
3203.83
2098.15
8736.84
6216.93
4513.38
3637.50
547.81
2998.14
3010.35
5158.54
4343.09
8354.75
1268.65
3749.50
9429.30
7648.85
8340.71
1829.28
4822.84
9.16
3311.56
7731.56
3751.64
6068.91
8330.64
7867.37
3413.19
9945.07
8921.48
7034.52
296.64
4517.96
4397.11
8434.71
6386.00
4074.53
6178.78
9956.36
6553.85
3377.18
6841.03
8294.32
2459.18
7219.46
7691.58
7460.86
3261.21
9533.98
7697.38
3255.10
8463.09
6114.69
1572.01
251.17
3194.98
12.51
9836.73
2868.74
1253.70
3670.16
8663.29
7087.92
6206.85
6858.73
2318.19
4372.08
5876.34
4475.54
6015.50
4358.96
513.93
3271.28
1990.11
7884.46
9980.47
1559.80
6612.45
6901.15
238.96
985.75
1341.59
2852.87
4482.86
4398.33
5348.67
70.19
9197.67
8906.83
2604.14
5747.25
482.80
8170.42
1255.84
3061.62
937.53
2990.81
8102.97
9005.10
2425.00
4268.01
5978.58
3479.11
5029.15
7379.99
6859.04
1226.84
7514.88
2052.68
8502.46
3156.53
9603.56
6782.43
7440.72
8623.00
1380.35
1864.38
6128.42
5228.43
140.69
107.73
7064.73
7706.23
9989.93
9278.24
1701.41
2448.50
4510.94
5349.28
6948.15
9240.09
7812.13
612.20
7087.01
6762.60
4261.60
5715.20
3910.03
3431.50
2232.43
9686.88
2894.99
126.04
2157.35
7013.76
8222.91
6378.06
4217.35
5830.26
4459.98
6577.04
5968.81
6284.07
7713.25
7762.08
5226.60
3138.52
4065.37
5553.76
8511.92
1679.74
8114.87
9796.44
379.04
981.78
9420.45
6467.48
3936.58
3602.40
9670.09
7420.27
7866.76
5763.12
8386.79
4521.32
266.43
7083.04
9979.86
9743.64
4616.54
3924.99
9956.05
7781.00
8187.81
5416.12
3106.48
2742.70
8207.34
6208.99
1474.65
5494.86
6086.61
5041.66
4925.69
3205.97
5031.89
3162.02
2122.26
7664.72
1341.59
1677.91
4726.71
3928.34
4712.67
1894.89
2636.19
5865.96
7859.74
7705.62
3065.28
157.78
763.88
4090.40
1290.32
5317.24
9866.33
797.75
5864.44
7289.96
7508.16
5259.56
6119.88
8202.15
1945.25
3806.57
4765.77
9812.92
3236.79
5251.32
3398.24
8237.86
5326.70
5892.51
3731.50
1503.04
9628.28
9.46
2364.57
6496.48
426.65
4908.90
1896.42
6871.55
7408.98
4580.83
6199.83
8475.91
5635.85
1035.19
2669.15
3857.23
8268.68
7372.66
9252.60
2417.98
2359.39
1658.38
9082.92
7773.98
3024.08
5659.96
516.07
8882.11
6304.51
7507.55
5397.50
6504.41
6034.12
2345.04
3355.82
1561.63
5021.52
33.57
4951.93
6947.23
5861.69
3963.74
1483.81
9358.20
1690.73
46.39
4265.27
2710.35
2190.31
9943.54
1188.09
9698.17
5163.43
7594.23
3386.94
3057.95
8986.17
3111.36
9807.12
3106.17
6250.19
3097.63
2500.38
3104.34
3912.78
1452.99
455.34
9023.71
259.10
9732.66
4773.40
5260.48
3996.40
1117.59
3004.55
2879.12
5786.61
7062.90
5459.76
1928.46
7537.46
679.04
1304.36
4409.92
9754.94
5922.73
7251.50
9447.62
2277.29
6641.44
6663.41
7230.75
8701.44
4550.61
1878.72
3288.06
9810.17
196.84
7573.17
9655.45
6318.86
5970.95
7964.72
4499.65
6248.67
5235.45
5685.60
6765.65
7242.96
6627.40
5122.53
7402.57
9136.94
7600.33
8041.02
3733.33
7092.50
6265.45
4310.74
8536.33
614.95
5597.71
5540.94
389.11
8758.20
9066.13
4433.73
6853.24
6833.70
1752.98
7679.07
7043.67
4940.34
6026.80
5192.11
5164.65
3617.05
5820.49
3514.21
1557.36
6940.82
8596.45
6185.49
2835.47
8377.33
9039.28
8900.11
7661.67
9699.09
3556.63
2263.56
9730.83
8279.37
9641.10
9958.19
4527.42
3082.67
9155.86
5128.33
1408.73
4654.07
9610.89
2807.40
7587.82
9427.47
2490.01
1184.73
5568.71
3662.53
2690.51
9540.09
606.40
7323.83
8138.07
5643.18
9744.56
3210.85
3640.55
446.49
8999.30
1658.07
8042.85
2869.35
250.56
6112.55
8745.08
2494.89
4403.21
9900.81
2644.43
2988.68
2377.70
9504.38
7570.42
4054.38
498.37
4645.53
3263.65
4734.64
1837.21
509.05
5974.61
5873.90
76.91
2398.45
5733.51
4552.75
7457.50
8151.19
361.95
8308.66
3364.36
8617.51
5283.06
1951.35
5127.72
1518.60
3194.37
4794.76
7588.12
8999.91
2670.06
1102.63
2995.09
4179.20
9746.70
1578.42
7800.53
7023.22
1563.16
8695.33
7908.87
4842.37
6114.38
3690.91
8946.81
7734.00
7176.43
8034.30
3115.63
4275.34
8474.07
7175.51
9186.99
7785.88
6149.17
9394.82
7206.03
8466.14
3588.37
7563.10
4464.86
1729.18
7681.51
6621.91
4307.69
8037.35
564.90
4601.28
4329.36
4550.92
5916.62
9983.21
5533.01
3910.95
3864.56
3227.64
9004.79
461.13
3572.19
5269.33
1672.72
9222.69
7558.82
799.58
7709.89
7936.03
6824.85
9147.31
7142.25
7484.05
836.82
567.95
8229.62
1002.53
1441.39
759.30
5175.94
6998.81
4764.55
1405.68
7734.92
6781.82
163.58
9577.62
4273.51
1525.93
292.06
3783.68
4853.05
9274.58
1339.76
9503.16
5894.96
7194.13
7511.22
1996.22
2988.07
9401.84
8806.73
9219.03
3405.56
5664.54
6163.21
2640.16
4890.29
1294.60
3024.38
8790.86
2271.49
3546.56
7396.77
9339.27
8478.04
4831.69
3457.75
2519.61
1505.17
8061.16
6776.33
3720.51
3906.37
4429.46
2209.85
8042.24
6360.67
8954.44
8539.08
2642.90
1889.10
4080.32
8904.08
1682.49
2277.90
6662.80
1102.94
1672.72
3267.92
8642.84
6817.53
54.63
79.96
6726.28
3825.19
4809.11
9832.76
1378.83
263.99
7913.75
2416.76
451.98
5009.00
462.36
6391.80
7745.60
3226.11
2256.23
1460.92
1829.89
1162.14
3679.62
4093.75
5431.38
9238.56
2673.42
7853.63
695.82
7504.81
4621.11
4995.88
646.99
2520.52
7952.51
898.16
2145.15
9726.25
3287.45
7885.37
664.08
360.12
8926.36
8.24
2197.33
6994.54
496.23
5348.67
2603.84
6744.29
7577.75
7399.82
9710.38
6213.26
5108.19
2094.18
8476.82
7243.87
2389.60
2038.94
4543.90
7528.61
7503.28
4519.79
6470.53
5146.03
9946.59
4836.57
1974.24
1088.29
9307.84
1534.78
8490.86
8836.63
2786.03
5092.62
3358.26
5049.90
9371.93
6629.54
3948.48
432.75
3501.08
8193.30
3046.66
4836.88
5994.14
1195.72
9801.02
5666.98
5091.10
4553.97
1548.81
3647.57
5399.64
9098.48
6837.98
5018.16
7563.40
9817.19
4946.44
4213.08
6466.26
2492.75
2223.88
6096.07
784.63
6295.66
558.18
1804.56
1700.19
8898.28
8285.78
7272.87
3583.48
5669.42
8853.42
8491.17
4464.55
9516.28
7550.58
2566.61
9100.62
2929.47
1615.34
8648.33
2453.69
8801.84
4036.68
7774.59
6391.19
1574.45
6357.01
5714.29
7421.49
5283.06
792.57
7854.24
8276.31
54.93
6983.55
200.20
1156.04
3632.01
3683.89
5557.73
5444.50
9469.89
707.11
8945.89
7709.89
7985.47
1435.29
1314.74
6803.49
2510.15
1210.97
5627.92
1870.78
6513.57
1917.48
4364.45
6081.12
3656.42
8063.91
2518.08
3894.47
7242.04
4687.03
5138.40
4677.27
621.36
2382.27
3491.62
476.39
5121.01
9775.38
8893.70
766.32
7048.25
8747.21
8283.33
1981.57
346.08
2727.44
595.42
4647.36
6453.14
3365.58
7997.38
5919.06
7929.93
5892.51
1050.45
346.08
7422.71
8487.20
1863.16
6669.21
8518.63
5960.57
4289.38
3466.90
57.68
3065.58
5245.22
1460.31
466.32
7752.92
6198.61
5293.74
3670.16
9674.98
8898.89
2595.60
3154.09
4261.30
4405.04
3142.49
5727.10
7671.44
9479.96
5929.14
1558.28
2936.80
9407.64
6962.49
2045.35
2610.25
1300.70
5591.91
2074.04
8228.71
6959.75
2186.04
8239.69
1907.10
9340.50
4969.94
9583.73
373.24
1703.85
8833.58
2414.93
6754.36
3499.86
3929.26
5776.24
433.67
2052.68
6862.09
9113.74
282.91
4110.84
2293.77
8720.66
1588.18
6322.21
7768.18
4509.72
1978.21
8695.33
9571.21
3682.97
6670.13
114.75
2439.34
2854.70
8343.15
9969.79
928.68
5198.83
1955.32
4952.85
5255.59
4173.41
9812.92
5106.05
9422.28
392.77
7204.20
8160.04
4440.75
3207.50
3917.66
6238.90
4468.83
3549.00
1946.78
3994.26
8664.51
9613.03
4699.24
2221.75
6577.96
1930.91
8025.15
6032.90
9893.19
9404.28
8371.84
1636.71
8324.53
2852.26
8380.99
801.42
2491.84
7648.85
5238.81
7050.69
1576.59
1997.13
2094.49
2660.60
8576.62
2415.23
7855.77
524.31
972.32
2990.20
5674.92
9936.52
9614.55
9964.90
5443.28
370.19
3646.35
8217.41
596.94
2303.54
4275.95
1199.99
4554.28
9158.91
5205.85
895.72
7093.11
9418.32
2537.00
9357.89
5984.37
2978.00
1957.76
8393.81
4189.58
802.03
6029.85
8955.96
7938.78
1940.37
9385.05
6802.27
5997.80
6973.17
4644.00
5988.04
5443.89
1940.98
6872.46
6753.75
4251.84
1829.89
9380.17
9368.57
6014.28
7665.33
8685.26
493.48
7098.91
6284.07
1448.41
3628.65
1563.46
6846.22
1193.27
200.51
4136.17
3142.80
7623.22
2861.42
6571.86
5772.88
6349.38
7555.77
7703.18
3241.37
1841.79
5916.93
2495.80
6048.77
1414.53
4563.74
417.49
2827.54
3058.87
2847.38
8437.45
2597.74
4936.37
5623.34
8966.64
2192.45
9345.68
2602.62
8053.22
2924.59
8972.75
847.50
4143.80
5554.37
8241.83
1976.07
2721.95
7619.56
7571.64
633.56
7141.03
2191.23
3358.56
5799.43
957.67
2118.90
1494.49
1483.50
2085.02
8824.43
7229.22
8387.10
4072.39
9711.60
9196.45
3074.13
4827.42
3249.31
410.17
6233.41
8092.29
5796.38
4048.89
6577.96
7984.25
9221.17
6833.40
1956.54
1919.61
3391.22
7819.15
4232.61
2223.88
2584.92
5407.57
9494.92
1749.32
9890.74
395.52
162.66
3807.18
8660.24
7870.11
550.25
1730.40
5072.18
5764.64
2448.19
8376.11
873.13
2887.36
2286.75
881.98
355.85
4236.27
6446.42
992.16
639.36
6408.58
6272.16
6256.60
9311.50
923.18
9360.64
2426.83
8496.96
8265.02
8676.11
2353.59
9415.27
463.88
6062.50
1699.88
6488.24
5022.74
1713.31
6785.18
5059.97
8002.56
6160.16
4868.01
1794.79
9084.44
6341.75
2187.26
1811.27
6412.85
2320.63
64.39
1618.40
4039.74
6204.41
4387.65
1915.04
9776.60
9838.25
8788.11
9314.25
6268.81
2827.23
6816.61
1056.25
3108.62
7456.28
3441.57
1773.74
2791.22
2063.66
1171.91
6366.77
8334.91
9436.93
1122.78
8058.11
5370.34
1788.99
4334.54
5682.24
6518.14
8880.89
3660.70
9279.76
862.45
847.50
1530.20
8050.78
6334.73
2298.96
3906.67
9736.93
7820.06
9246.80
5745.41
5490.28
8800.62
5431.07
8272.96
9294.41
9342.63
9601.73
3390.30
5996.89
8248.54
317.70
5521.41
7018.34
2177.80
9832.76
6212.96
7801.45
9555.04
3619.80
1802.73
6057.62
2074.34
7108.98
9464.40
4878.99
1615.65
6188.54
1945.86
9777.21
5382.24
3043.61
6311.23
3705.86
7073.27
3885.62
6996.98
9140.90
6905.12
140.39
8500.63
1266.52
8292.49
9655.75
8007.75
1344.34
4000.98
9488.82
3274.03
4313.79
9588.00
6842.86
6075.01
9698.48
6935.64
9707.02
6531.88
9873.35
5700.25
3765.07
8630.94
4759.36
5481.12
7140.72
2246.16
7004.30
6523.03
9531.54
1979.13
6715.60
1770.38
7305.83
8126.47
9806.51
8078.55
1113.93
87.59
9017.61
9397.56
7585.38
7531.97
1676.69
9744.56
1667.23
9624.62
3260.90
8768.88
1173.44
7637.56
818.51
7731.56
99.49
1248.51
5321.21
8705.10
2272.10
3846.25
6999.42
4808.80
1892.15
7148.66
2734.15
4293.04
2535.17
453.81
9557.48
6281.01
1170.38
4831.08
3330.48
986.66
8764.00
7563.71
6660.36
2214.42
4023.56
7161.17
5117.34
4959.56
1853.39
4248.79
5813.78
5914.79
3075.66
8650.17
7412.03
9705.19
6986.30
7968.99
5617.54
8651.69
3304.54
7995.24
3224.28
8888.82
5079.50
231.33
8774.38
636.92
9114.96
6868.50
2889.49
5450.61
5478.38
8507.95
6347.54
8250.98
2654.50
4956.21
8951.38
6955.47
9902.95
4395.58
3268.84
7518.23
3388.47
1246.99
2294.08
7194.13
7642.45
8035.22
5097.20
3835.26
8917.81
1572.31
9526.66
4037.29
2001.40
8770.71
6023.74
7945.80
7048.56
2393.87
1613.21
3534.04
7994.32
2066.41
8132.57
8168.28
9114.96
844.14
3759.58
266.43
1291.24
2670.06
1907.41
8872.65
4546.95
1015.05
6542.25
3948.79
8413.04
4027.22
7989.75
5205.54
6692.40
6495.86
8293.41
2279.43
8176.82
3944.21
184.94
4068.73
9886.78
9164.10
8732.87
44.25
4390.70
6503.49
9723.81
1344.04
7772.45
4222.85
3851.44
4466.08
9800.41
227.06
765.10
5370.65
2871.18
1491.74
2043.52
6806.85
1283.00
2490.92
7159.03
6671.65
7402.88
2944.12
1490.22
219.73
6293.22
188.60
450.76
3930.78
5355.69
6497.39
8791.16
3850.52
558.49
6646.02
9140.60
6218.15
5807.37
6051.21
8848.23
3188.88
7024.45
4783.78
9190.04
1467.94
7495.35
7777.03
5998.11
6669.52
6049.68
6534.32
5781.43
1204.57
4635.76
2657.55
6395.15
8524.74
6851.41
8502.76
6324.96
1518.30
3995.79
5275.12
1644.34
7885.37
201.12
3882.56
4715.42
292.98
3212.68
8850.98
3683.89
4132.82
2370.07
620.14
6842.56
683.00
364.09
6533.71
917.39
8500.02
322.58
5827.51
7345.50
837.73
4789.57
8939.79
5598.62
1922.67
8164.62
6447.04
7624.13
9880.98
9158.91
7941.83
2461.32
9143.04
4835.35
6165.35
5093.84
133.98
2793.05
6706.75
8605.30
9058.20
3056.73
8578.45
3695.79
5596.18
6237.07
5986.51
4626.91
1323.89
9524.83
6603.29
5652.64
6667.99
7076.33
6656.09
7002.78
9206.21
6357.62
8145.08
4477.98
1130.10
7008.88
8503.07
1722.46
8680.99
3789.18
8008.36
9233.38
1367.84
166.63
5265.66
9171.42
3787.65
4115.73
6063.11
35.71
7850.28
2684.10
5923.34
263.07
8230.54
6890.77
1657.46
4816.74
8853.72
3519.09
2234.87
3823.36
3228.25
5368.82
4282.97
7328.71
6440.63
6523.64
2527.85
5221.41
1618.40
4203.92
487.99
6403.39
8685.26
3763.24
1736.81
6253.85
8206.73
8391.98
7041.54
6460.46
8151.19
88.81
7694.33
6276.44
6369.82
3467.51
347.61
9263.89
6615.50
8955.35
3667.10
4588.46
905.79
6949.06
2109.74
6930.14
6048.77
9492.48
7148.05
4064.15
7137.97
1033.05
1243.93
6187.02
5838.19
4825.89
4893.03
6036.56
6263.01
6541.64
2043.82
3880.43
6266.67
1647.08
4211.86
6428.42
6955.47
8115.79
8594.62
3732.41
8237.86
1033.05
505.39
3137.91
3218.18
660.42
5435.96
4349.19
9254.13
516.98
1056.55
4669.33
8484.15
7043.06
4477.37
8478.96
5641.35
7409.59
5067.90
15.87
5966.67
7034.21
8162.18
3518.78
1027.25
3367.11
9951.17
9794.31
5263.53
7506.94
8880.89
3274.33
1066.62
213.93
3866.08
8625.14
5206.46
3879.51
4634.85
965.91
4418.47
7012.54
4510.94
8767.66
2963.35
2811.98
952.48
3486.74
9972.84
8381.91
4158.76
5001.68
9390.54
6151.62
9051.48
6911.53
326.24
4069.64
949.74
760.83
632.04
6126.59
251.47
3253.27
1510.36
9772.64
6427.20
5515.00
5974.61
1793.57
6643.27
8471.63
8966.34
9205.60
9329.20
3402.51
1946.17
6731.47
7996.46
1730.40
9772.03
7423.02
5625.17
3115.02
2669.45
7987.61
4928.13
5906.55
1119.42
5388.04
4807.89
9028.29
6462.29
6271.55
8315.68
9345.38
5040.74
5794.55
2429.27
3585.01
8689.54
7403.18
4958.95
8871.12
9384.44
135.50
8892.79
929.90
864.59
5004.73
9497.97
4042.79
5041.66
7025.36
4488.97
1789.91
6002.08
4448.99
2573.02
2664.27
9424.73
1767.94
687.89
9608.45
217.29
8052.31
5242.47
7539.29
6190.98
7179.17
7676.02
7926.57
579.55
1521.35
9643.54
4480.73
1221.35
5655.08
8145.70
9018.83
9213.23
1648.30
5908.69
1568.65
4846.64
2494.58
7334.82
3773.31
3647.88
5255.29
5328.23
9658.50
322.28
467.85
9315.17
2825.71
3423.26
9390.85
9765.62
4136.17
8557.70
5637.68
9532.46
8941.62
2936.80
2773.83
7320.17
7930.23
9090.24
4428.54
3593.86
649.43
548.42
8490.55
4242.68
5765.56
7314.37
1948.30
2309.03
7123.94
3930.17
7938.47
3097.93
9674.06
7955.56
1558.89
2977.08
4317.76
1668.14
6021.91
7180.09
5750.30
4799.04
5694.14
6927.40
2345.65
1115.15
7598.50
1174.96
2161.32
6664.63
7932.68
3306.99
4115.73
2490.62
5172.58
8077.03
8403.58
9634.69
6317.03
9121.98
5213.48
9233.68
7842.04
2350.23
5809.50
5529.95
7923.83
5523.85
5034.64
4603.11
1492.97
9344.16
9307.54
6636.56
4684.90
350.96
9166.84
4530.78
245.37
956.76
428.79
6681.42
457.17
6915.80
3023.16
6722.01
9147.92
7550.89
1564.68
8060.24
9342.63
9045.08
6726.28
6006.35
8123.42
6114.38
1475.26
5313.88
5258.34
2368.24
1237.83
5941.65
7164.22
4677.57
2046.88
4853.66
2758.87
1857.05
5745.11
6663.41
2778.10
2976.17
6299.33
939.66
9104.28
5614.19
6291.09
8986.79
5682.85
9365.21
7644.89
7905.82
7580.49
4912.87
5658.44
4758.75
9751.27
3982.36
394.91
8637.35
2071.29
484.94
4502.40
3459.27
2207.40
8164.01
1519.21
9297.16
2877.90
5060.88
3733.33
5053.56
5071.87
107.12
3652.15
301.52
3787.96
2158.57
8149.36
9092.07
7855.77
6784.88
9350.87
3549.00
398.27
1122.47
1319.01
62.87
1507.61
2109.74
6604.21
5893.73
9683.52
8411.82
1715.45
8995.03
3607.90
1348.61
5588.85
8875.09
815.15
5141.15
97.05
1305.89
4814.60
1785.33
6679.28
4691.61
7236.24
867.95
8142.34
907.62
6558.12
9636.52
9703.05
8429.52
9977.11
3633.23
8330.64
554.83
9986.88
3213.60
4450.51
6538.90
2227.24
6248.97
5077.06
8449.05
6162.91
2338.94
2431.71
1558.58
5157.63
8838.16
7114.17
1086.76
7506.94
4009.52
9885.25
3095.80
4987.95
7623.83
1124.91
2365.79
493.18
4308.60
2033.75
5049.90
1308.02
9967.34
6625.87
8932.16
9595.63
6573.38
8594.93
9090.24
6649.68
5658.74
2098.76
1784.72
2482.38
5806.15
536.52
4382.15
7304.30
4455.09
2374.65
4125.19
6461.68
9340.50
8086.49
3564.56
5395.06
9869.38
7267.07
5460.98
6177.25
3753.47
9988.40
4975.43
2197.64
9208.96
1452.38
1954.71
2552.87
8031.56
4010.44
1128.57
2708.21
9866.94
5605.94
3028.35
2988.37
2982.57
8705.10
3441.27
1465.80
1857.97
8782.01
4212.77
2804.65
6902.07
6412.85
3208.72
9622.79
6611.22
2048.40
6250.19
7939.08
7485.27
7523.73
8832.97
3262.73
2005.07
3368.94
445.57
8890.96
9992.98
5983.15
9297.46
2973.72
3660.08
3735.16
268.26
5916.01
1663.56
6050.29
3894.77
4667.20
2475.05
4550.61
9203.47
5473.49
2379.83
306.10
8203.38
1647.39
8418.53
6263.01
4853.36
7919.55
1580.25
8910.49
6312.75
7934.20
565.51
8247.02
9290.14
6453.44
1424.60
110.78
9302.04
2829.98
3389.08
9936.83
5655.38
7312.85
6207.46
1998.96
9964.29
6743.98
9297.16
3209.02
1013.52
1218.91
8023.01
5520.80
3784.60
8259.22
7422.41
6017.03
5452.44
6072.27
8677.94
8731.04
6167.49
2453.69
8662.07
7270.73
7435.83
897.24
7856.69
2303.84
5910.21
472.43
6966.15
2972.20
5402.69
1037.93
7534.41
6290.17
4932.71
345.47
6876.74
3597.22
5622.12
4603.72
2641.99
8123.42
4252.45
9059.72
7316.51
2728.05
6292.31
163.27
7979.98
1880.25
6211.43
5877.56
1629.08
6936.86
7892.70
5692.01
1380.96
8786.28
2952.67
6909.70
3866.70
6917.02
9786.68
8764.92
3127.23
8974.58
1146.58
933.26
1330.00
9868.46
3070.77
8003.78
1610.77
4493.85
2968.23
6463.52
3357.65
3127.84
9679.86
5771.66
5250.10
3565.48
3322.55
72.63
6363.72
9054.23
7734.31
2118.90
653.10
6092.72
3322.55
5962.10
5128.03
1157.87
3144.93
9977.42
7031.77
415.97
14.95
6781.21
335.40
1487.17
7463.61
1606.19
6865.44
1323.28
2356.33
5697.81
2364.27
9259.93
1984.31
6288.03
2815.33
9307.54
3440.66
9719.84
1325.11
744.04
8095.03
9272.74
889.61
1071.50
8975.80
4263.13
3350.32
394.60
3878.90
1973.33
9855.34
1290.93
2008.42
8975.49
3133.64
3232.22
6967.07
3412.58
6903.90
5617.24
3903.62
4802.09
2717.98
8479.87
3638.42
2916.35
9565.11
4937.90
1568.35
2310.86
6535.84
4441.66
4173.10
4059.57
3870.36
884.12
929.59
1258.89
2696.31
4639.42
4452.04
9862.97
8768.58
2588.27
6661.58
1414.84
527.67
5193.64
3809.93
9235.51
6787.62
4691.61
8159.73
4628.44
4362.62
3455.92
9136.94
4672.38
950.35
6602.07
1770.38
8151.80
3579.52
7892.39
5228.74
1199.38
7938.17
3002.72
9265.72
9207.43
8891.26
9217.20
1389.51
6567.89
7504.50
5609.00
2569.35
811.18
4883.27
2773.83
4283.88
2699.97
8140.20
6176.03
4735.86
8841.82
8804.59
2169.26
7036.35
8384.96
8985.87
757.47
7174.29
359.51
5603.81
4156.01
4584.49
3223.36
7997.07
5213.78
3125.71
3179.11
9222.39
4764.85
5280.92
2822.96
6358.53
1966.92
7391.58
6688.44
128.79
6688.74
8743.25
5244.30
9147.62
8012.63
2306.89
3918.27
9112.22
7913.75
9956.66
8695.33
2247.69
4174.63
9969.79
4864.96
7318.34
1603.75
9626.15
475.78
5515.00
5614.49
716.27
1057.77
2539.45
7232.58
775.78
7176.43
2188.48
3588.37
7848.75
1382.49
1754.81
2965.48
1603.75
6119.27
4558.24
8455.76
8609.27
9148.23
9917.29
9295.02
4579.91
8056.58
5875.73
3935.36
1409.34
410.17
4994.35
3919.80
1800.59
1113.93
8521.38
2616.35
9305.70
3539.54
9255.96
7881.71
6588.64
5987.43
8415.17
2712.18
9725.03
42.73
6814.78
2945.04
1344.95
2387.46
5683.16
6071.96
442.21
6633.50
7413.86
231.03
1650.75
6735.44
1571.09
7435.22
1808.22
8550.98
6466.57
100.71
6618.85
1106.30
1608.33
4942.17
5223.55
4131.90
1346.17
3287.76
5494.55
3428.45
5020.60
1889.71
7865.84
630.51
3923.76
3279.82
508.13
8925.14
395.83
9741.20
3668.32
1288.19
9357.89
9953.92
5976.44
2809.84
7598.50
2381.36
543.84
3654.29
1132.24
4456.01
3653.37
4235.36
5930.97
1627.25
3863.03
9156.47
2348.40
5337.69
4332.41
1484.73
8550.98
3984.50
6180.61
3920.10
3260.90
5935.54
5697.81
8419.14
3132.73
8654.74
3210.85
840.17
5067.90
3005.77
6426.59
2171.70
8784.14
6793.73
6055.79
2901.09
9951.17
6606.65
6539.51
2094.79
9206.82
2020.33
9680.78
7745.90
7362.59
1230.81
4002.50
9953.31
2113.71
2172.92
7640.61
3497.12
6566.36
8189.64
7579.88
1370.28
4892.12
2317.27
3057.34
5828.73
5426.19
9243.75
5933.10
8524.43
6516.92
9005.40
5846.74
6283.46
5444.20
1486.86
2974.64
4091.31
5714.90
5782.04
6193.43
1845.76
3050.63
3480.33
9468.98
6443.68
5379.80
9943.85
4278.69
5760.98
7143.47
2632.53
883.21
6092.10
3234.96
545.67
6256.90
9605.40
2875.76
3835.26
1490.52
3383.28
8749.05
7660.76
6481.83
6606.95
1696.52
9343.55
4719.69
7444.69
6298.10
2884.91
5982.54
6215.40
7638.78
9909.97
9757.38
6378.67
4581.44
1098.06
7191.99
9923.40
9858.09
7167.58
4400.16
8709.68
2284.62
3469.65
4921.42
8335.21
1423.38
7262.18
4156.62
6078.07
9994.51
1717.58
3587.76
9488.82
4355.30
5735.34
7596.67
7186.19
8361.16
3615.22
690.94
8424.94
913.42
3657.34
7955.87
2993.26
2514.73
9750.05
6538.90
8007.75
1138.04
5009.31
983.92
3161.11
2727.74
1530.81
224.92
994.90
6638.08
5317.54
9050.57
3749.20
1329.69
445.88
1855.22
3359.48
629.29
1534.17
1491.44
6160.16
5871.15
8570.82
1023.90
8857.69
4225.29
3171.79
1215.25
7334.51
8537.25
325.33
1539.96
4850.31
8974.88
4686.12
7551.81
1196.63
1812.19
5483.57
2404.55
9374.68
5650.81
9107.33
5354.17
1350.44
393.99
3428.45
5036.77
9461.65
9291.67
2923.98
351.27
5023.35
9357.89
8662.37
6750.08
709.25
487.08
2216.25
749.23
8262.58
8569.29
7563.71
479.75
8100.83
2920.62
37.84
5081.64
2379.83
3349.41
6394.85
759.61
8075.81
7155.67
5049.59
6312.45
1648.00
1389.51
559.71
5946.53
1850.34
675.37
1401.10
2186.96
2244.94
5913.88
5112.77
6699.42
9988.71
4174.02
9865.11
1833.86
2449.11
5093.84
6515.40
704.06
8220.16
4091.92
217.90
8615.99
4085.51
7712.94
5643.79
3651.54
4513.08
1408.43
4876.25
9232.76
5220.50
5079.81
2047.79
6462.60
7393.72
6678.67
3775.14
9071.02
4106.88
9193.70
9458.30
8765.53
5515.92
1322.98
504.78
3807.18
4380.02
7156.29
2544.63
8622.09
8482.01
5166.78
9691.46
7258.52
1502.12
1838.13
4922.64
8505.51
8913.85
228.58
5629.75
5484.18
458.69
8791.77
8412.43
7524.64
5771.36
760.22
2167.42
7138.58
4703.21
9414.66
3546.56
9903.26
8924.83
9534.90
3836.18
69.89
6352.12
364.70
1327.56
9704.28
4973.30
385.75
8236.03
4175.24
7630.24
9224.83
6235.54
1807.00
4317.15
6997.59
9667.04
499.28
3567.00
6414.38
485.85
9135.41
9476.30
7942.75
4011.96
6587.12
5941.04
3356.43
9538.56
6131.17
4660.79
7971.74
4871.06
8085.88
8474.99
6889.55
8853.11
8484.45
6592.91
5552.54
942.11
6595.97
3282.27
9932.86
1899.47
9106.72
6575.52
6658.83
4655.60
3772.39
8560.75
8399.30
9414.04
359.20
3813.29
4810.02
2055.42
1677.30
7538.99
4361.40
9907.22
2529.98
9982.60
7358.93
3933.84
9380.78
8671.53
5463.42
1422.47
8559.22
5052.03
8032.17
8212.84
5811.64
7083.96
585.96
4543.90
5015.41
4353.47
5718.86
3576.77
8861.05
7268.59
1760.92
6653.34
9324.32
6900.54
9509.26
4356.82
732.14
7029.02
2334.67
7437.97
3242.59
4960.78
9983.83
6662.19
9542.83
2676.17
1381.88
5649.59
2586.44
4874.72
6753.44
5763.12
7176.73
5473.49
4370.86
7110.81
3207.80
9127.78
2246.16
4724.27
3384.50
9332.25
75.69
3974.43
3219.70
9667.96
1749.63
4287.85
6136.36
9755.85
3743.10
5229.35
1474.35
2478.41
9696.95
4005.25
8223.21
4036.68
6502.88
8460.34
2288.58
3397.32
2206.49
4620.81
107.12
2701.19
1035.19
2854.40
6421.09
5187.84
5872.98
1703.85
9024.93
2204.35
3483.08
3459.58
8298.90
5858.03
2803.74
532.55
4337.90
8875.39
1616.57
6691.79
9493.70
8231.76
1910.15
2225.71
9135.11
4112.67
9247.11
7093.72
8448.44
769.07
6445.20
1126.44
8082.52
830.10
6891.08
5341.65
6454.05
9636.52
7792.29
3433.94
1526.84
1152.07
8684.65
7504.20
9876.09
2026.12
5505.84
7087.62
5847.35
5357.52
5547.65
5548.57
8630.94
728.78
3599.35
2898.34
54.02
2076.48
4596.70
9101.23
912.20
9951.17
3084.51
6932.89
8643.76
9736.01
4810.94
8452.10
4168.52
2387.16
760.52
4145.63
697.96
9253.52
8944.37
8815.27
2328.87
7540.51
4252.75
3261.51
5236.67
7983.64
1690.42
5835.44
9279.15
1290.32
3301.80
2909.94
2818.99
4913.17
4097.72
2345.96
8589.13
6717.12
7303.69
9005.40
3395.18
7106.23
4231.39
6377.15
9489.43
6168.10
9097.26
3382.06
407.12
7399.82
4088.56
412.92
9097.26
4580.22
5003.81
3676.87
1141.70
3348.19
2763.15
1900.08
893.58
4050.11
1117.59
4460.28
3330.79
7419.97
5858.03
5005.04
9449.75
9654.23
5842.46
9621.57
8003.48
8442.03
1150.85
3621.63
1402.63
6518.14
8682.82
5999.63
8587.30
4294.56
507.22
5630.05
2683.49
8138.68
5281.23
8266.85
6260.57
5858.03
8044.98
8403.58
1993.16
5953.55
8709.37
5061.80
1552.48
2206.79
4547.87
5566.58
527.97
160.22
7004.61
6371.96
2197.33
7055.57
8130.74
5002.29
7958.31
1788.99
6961.58
2166.20
7232.28
6453.75
1151.46
8111.51
4653.16
6021.00
4169.44
2278.51
7352.52
7731.86
3378.09
318.92
157.78
6758.63
9302.04
7539.29
1510.36
9696.04
1400.19
2832.12
7920.47
2447.89
655.54
2159.49
9768.36
4072.70
4293.65
5648.67
6267.89
3146.15
2940.15
7363.51
2399.67
8206.43
5535.75
1814.63
5632.80
8844.57
2315.44
6270.94
5240.94
9002.04
1167.64
2931.61
2030.70
9036.84
7683.34
29.30
1292.15
8122.20
4210.33
5915.40
6785.18
3540.15
8224.13
5199.44
8570.51
8431.96
5326.40
1002.53
2505.57
4566.18
7187.11
2384.41
4209.11
1693.17
9736.63
1009.55
5312.97
39.67
1928.77
6115.30
4810.94
7512.44
380.87
1840.27
3317.36
8171.03
203.25
5982.54
3049.41
3533.13
7336.34
4242.68
1343.73
3274.03
2700.28
9019.75
520.34
6882.84
3477.58
6818.45
1908.32
2838.53
1833.25
3335.06
6842.56
6868.19
6392.71
278.94
2446.06
5849.48
6781.21
2996.00
5010.53
8919.95
6547.44
2955.11
8786.28
2356.94
4774.93
4160.59
2995.39
9788.51
1698.36
7553.03
4879.91
4298.23
8637.65
2460.10
1596.73
3989.07
7557.60
9163.18
8775.60
7565.54
573.44
1633.96
8544.88
1496.93
4706.56
4517.65
4846.64
5328.23
2207.40
3409.83
8849.76
6693.62
1759.70
2499.16
2267.22
2603.23
872.52
8637.96
1405.38
8560.75
4779.81
5897.09
9739.68
2073.73
2151.55
9674.37
1841.49
2125.61
2940.46
4415.72
6469.01
1161.23
8663.59
4011.96
1622.36
1158.48
441.60
8933.38
9392.68
344.25
5104.22
9165.62
3400.98
2115.24
4672.38
7008.58
6654.26
2730.49
9534.90
8802.45
2618.49
9334.39
625.63
9638.97
7331.46
4875.33
920.74
126.65
5358.75
1481.06
1562.24
9268.78
7412.95
8853.42
2922.45
2512.59
2445.75
9244.06
5925.17
9045.99
2023.38
5577.87
3931.09
7384.56
9800.10
4279.61
502.64
3331.10
3902.10
9372.23
3360.70
9353.31
5035.55
9407.33
9844.05
9455.24
8127.08
3788.87
4185.92
8596.15
314.04
55.54
1921.14
725.73
3094.27
8680.99
1731.32
4491.71
1446.88
6957.00
45.78
687.58
7742.24
8521.38
8710.29
501.42
3244.42
92.47
1030.61
8627.58
5029.15
1973.63
6513.57
302.74
1119.11
3888.97
9605.09
6333.81
1659.90
2713.40
2750.02
5172.28
8937.65
3661.92
9078.65
6104.62
4062.01
1496.02
5034.33
2617.88
3120.21
3313.09
8255.56
3.66
613.12
9479.96
1025.42
6262.40
2994.48
4273.81
4598.22
370.49
115.67
2793.97
4718.16
6975.92
7396.16
5702.08
3641.77
1576.89
6526.08
8360.55
8978.85
5258.03
7520.07
5926.08
4657.73
3033.84
9928.89
963.77
4337.29
4871.97
6022.83
5141.45
2568.44
3451.95
3764.15
1571.09
4024.48
7726.98
2372.81
9355.14
6110.72
6346.93
8305.61
6903.29
5262.00
9.46
4454.18
5581.23
2249.82
6798.00
384.23
253.61
6800.74
9569.08
6415.91
8285.78
6845.00
9456.16
9367.96
3560.59
2709.74
4547.56
2774.13
7083.35
1561.02
7802.36
9385.05
725.42
2416.76
3266.09
8765.22
5680.72
7034.82
4653.77
7803.58
2184.82
6995.76
5353.56
6944.79
2073.73
2287.06
3922.85
9956.05
729.70
1705.98
4132.51
41.20
9991.46
388.50
3625.29
116.58
8576.31
4782.56
250.56
56.76
1591.54
372.63
136.72
8728.29
5685.60
2473.83
6564.23
3618.58
1406.90
5400.56
3701.90
5877.86
9335.31
331.13
4270.15
3580.74
1539.66
7173.68
5190.89
1024.20
4937.59
748.31
289.32
6875.52
8106.02
6599.63
4108.40
8974.58
8113.04
6749.78
5899.53
8615.38
8933.38
704.98
7851.19
2108.52
8006.53
2030.09
6617.94
2443.62
2503.74
5800.35
2214.73
8859.52
1861.63
7244.18
3333.84
7138.28
8151.49
6892.91
3153.17
8436.23
838.65
2543.11
4692.22
9459.82
7505.11
3351.85
9785.15
1802.73
7084.87
6367.69
725.12
3256.32
7186.19
822.17
8652.30
8904.08
2056.03
483.11
7736.44
4813.38
2752.46
9388.71
9227.88
2140.87
6086.00
1271.71
4432.20
4455.40
3893.55
7989.75
673.24
6099.73
9206.82
7269.20
9306.62
4398.33
876.49
5081.03
9846.80
3526.41
3219.40
2955.11
9271.22
2850.12
2241.89
5550.71
560.32
7553.64
5014.19
8792.38
9541.00
4362.62
3747.06
3883.18
4089.18
177.92
1140.48
7514.27
4764.85
6433.61
8563.80
3572.19
927.46
6986.60
3628.04
6666.46
1409.65
2357.55
8721.27
2785.42
3798.03
8131.96
7055.88
7393.41
1393.17
328.38
7804.19
6280.10
1908.32
5560.47
6873.99
9479.05
6965.85
8789.33
4894.86
3563.34
6459.85
6489.15
8972.14
2634.36
6843.78
8035.83
9771.72
3310.65
7405.32
3129.67
502.03
4038.51
3592.64
8066.96
9352.09
4026.92
1455.73
8668.48
1946.47
2126.53
2260.20
2685.93
5388.35
961.33
1340.68
9489.73
439.77
6628.01
257.27
9853.82
3414.72
9271.83
6312.45
3654.29
4338.21
4857.02
8493.91
8288.22
2939.54
3438.52
3906.98
5626.09
9039.89
4251.23
3758.05
316.78
8894.01
2928.56
2949.61
7247.84
4055.91
1160.62
2352.67
979.64
4323.86
4109.32
7815.18
4967.80
1330.30
5886.41
4975.13
3378.40
4338.51
8413.04
3932.92
3316.75
4810.02
3969.85
2851.95
278.33
1302.84
6750.69
4546.65
4634.24
1265.30
3732.72
5121.01
1962.34
1285.13
176.09
8721.58
5044.71
2360.91
64.70
7464.22
329.60
1751.46
6800.44
601.83
6685.69
7975.10
4463.33
1990.11
9248.94
510.27
4954.38
9919.43
6182.13
770.29
1322.98
8368.48
1158.18
5908.38
2605.06
3750.72
9374.98
2014.83
473.65
6209.60
9920.04
8276.92
3018.59
9525.44
2295.60
8651.39
5970.34
8700.83
9917.91
2624.90
6673.48
9283.12
8395.34
1616.87
1131.32
7487.11
1412.40
2587.05
9425.95
5182.35
2018.49
5415.81
9829.40
8804.90
2140.87
5616.32
6922.51
6257.82
8132.27
8937.96
4027.22
863.67
5167.70
9431.13
5266.88
6428.42
8300.42
7528.92
7570.73
2480.85
2988.68
9710.38
7930.85
3754.08
2911.77
6311.23
6224.56
2962.13
7880.18
9038.06
8919.34
945.16
9656.97
4754.17
3963.13
3236.18
8501.85
7098.61
2185.43
7119.66
8252.21
2495.19
5509.20
8236.95
2747.89
2123.78
7294.53
809.66
1420.03
6408.28
5122.84
535.29
6849.57
3585.92
1335.80
4221.93
2112.49
8925.14
1639.76
5224.46
723.90
6144.60
7089.75
8743.55
6989.35
7606.43
9763.18
6049.99
9579.76
4840.54
7439.80
1698.97
6143.68
5961.18
7597.89
2793.66
1764.58
1543.02
6037.17
4361.71
9079.56
5516.53
444.96
9908.14
2869.66
2643.21
4215.83
1207.31
6937.47
9139.38
836.82
6395.76
6079.90
8001.34
4154.48
424.82
972.01
5605.94
4828.33
6945.40
8775.29
1139.26
8292.79
5673.09
7277.75
5421.92
4533.83
4312.57
5383.77
688.80
4994.05
9088.41
7765.13
7893.31
6919.16
2954.19
6481.52
3086.03
459.61
5542.47
7389.14
9446.39
8837.86
3909.73
4144.72
6514.79
6893.52
8150.88
7623.22
3198.03
8322.09
934.48
3552.05
6104.62
6915.49
5030.37
6187.93
9776.60
2120.43
7883.85
834.68
374.77
4225.59
7306.74
3026.52
9390.54
9488.82
7343.06
7179.78
8930.02
518.81
8372.14
2532.12
5151.22
2226.63
513.32
9179.66
1404.16
8648.64
4394.06
2022.77
7641.53
968.66
8343.15
5435.96
7659.23
2040.16
6072.27
6470.53
736.11
7723.32
3909.73
9409.16
9226.36
355.54
1645.86
9475.69
8672.75
4659.87
6055.18
8521.38
2003.54
1408.12
1154.21
494.09
4371.78
9150.67
4265.57
9507.13
201.73
9325.24
1940.06
8314.77
9006.93
5056.92
4806.97
14.95
1537.52
8962.68
5411.85
784.33
2825.10
270.70
8106.33
6460.77
3680.84
6570.33
5048.68
786.46
7217.32
502.03
7383.95
8125.86
1948.61
6703.70
5658.44
8465.22
8038.27
9319.13
8538.16
7512.13
8251.29
5389.87
3887.45
9703.97
177.62
4435.87
1276.89
6940.82
1287.27
9541.00
9976.50
850.55
3379.62
253.30
1500.60
1405.99
7989.44
2617.57
768.15
9696.04
9313.33
6646.32
4935.15
7675.71
6218.15
6544.69
3967.41
2697.53
9893.19
4004.03
2014.83
9642.63
8709.68
9873.04
3646.66
8458.51
6849.57
4518.88
4014.71
9925.84
8268.38
2195.20
7004.00
7453.23
2548.60
9724.72
433.67
7724.23
4214.61
4809.41
2372.20
8003.48
2063.05
4286.32
7627.80
2915.13
78.43
7632.98
8476.52
8506.42
6491.90
6040.22
8692.59
6408.58
2545.55
2366.41
4940.34
5909.30
7531.05
2280.34
4594.87
6746.73
1652.58
1908.32
4045.84
437.64
3293.56
2299.57
6558.12
2956.33
2232.12
6018.56
3740.04
6570.94
5381.02
6178.78
9692.68
3651.54
6608.17
3232.52
1892.76
268.56
7201.76
9824.52
7879.88
2383.19
8541.83
9025.54
1804.86
2449.11
3542.28
6258.13
9905.09
9241.31
8425.55
225.84
8966.64
8713.34
1388.59
3157.45
6839.20
8707.24
9730.22
5681.33
9063.39
5322.12
1994.38
6642.35
672.93
3754.69
6698.51
3169.96
7236.55
1424.91
4203.01
1315.65
4199.04
6201.36
3291.73
2566.61
8588.21
7533.80
9017.61
6552.63
2144.54
3310.65
3383.89
5255.90
9941.40
250.56
5419.78
9038.36
3554.49
642.41
2208.62
9796.44
2846.46
3244.42
7442.55
1558.28
5424.67
1156.35
9053.01
3834.96
7839.90
4477.37
2488.78
8036.74
7583.54
561.24
1202.12
2270.27
9950.87
9681.39
901.52
4826.20
8825.95
8918.42
9138.46
1668.45
5459.76
2084.11
6786.10
8245.49
4294.87
8492.08
2981.35
924.41
9906.92
8387.40
77.52
8370.62
4116.64
7851.50
187.08
8178.66
7348.25
990.94
9863.89
9071.63
3280.43
2222.66
4492.94
3978.70
865.50
6472.06
8953.83
4303.72
2773.22
89.72
6110.42
696.43
4322.34
309.46
9699.39
644.55
1962.95
6046.33
3173.01
8189.34
5373.09
7861.87
1064.18
6085.39
2229.38
9897.15
4430.68
5715.20
9719.23
1592.76
6946.01
5067.29
1848.20
2008.73
3195.29
96.44
6618.85
4549.09
5744.19
9773.25
2124.70
4914.09
2535.17
135.81
5643.79
85.45
1182.59
7664.42
4774.01
1160.01
1721.85
7277.14
4687.34
7842.95
4379.41
5271.77
556.35
7412.64
3924.07
2521.13
9222.39
5973.39
7165.14
8233.59
9159.52
4804.53
5153.66
9591.36
2808.01
9618.52
6656.39
7584.46
329.29
5541.55
4460.59
4344.00
8849.76
5633.72
1073.34
2294.99
6255.99
5749.99
5378.89
435.80
3604.24
3567.00
6812.65
8061.16
5204.02
4580.22
8621.17
1236.30
440.38
2884.61
6764.43
2341.69
6397.29
9558.09
6024.66
7992.49
5344.40
6447.65
9886.17
5649.89
6149.48
8185.67
5745.72
4241.46
3678.70
237.13
2020.02
9089.94
5248.88
5794.24
8706.32
6477.25
8190.86
9334.09
7965.94
8146.92
7590.56
9644.76
6287.73
1061.74
8268.68
141.91
4798.73
2727.13
58.29
9279.15
9277.63
7392.19
450.45
8867.46
6441.54
3445.23
3659.78
3122.35
8063.60
7311.32
182.50
6242.56
9484.24
4164.56
5905.94
1334.88
4080.02
773.95
4825.89
8505.20
253.61
785.85
4446.55
4913.17
2502.52
7762.38
7914.37
4622.64
3135.47
6286.20
1952.57
1040.38
6194.04
6445.51
4662.62
9770.81
143.44
2007.51
2247.38
4690.08
898.46
7598.50
8725.24
5058.14
1738.94
5197.61
7692.19
6476.33
1687.67
5263.22
201.73
3504.75
8903.47
2796.72
7816.10
6755.27
656.76
3663.75
4897.31
2266.30
6455.58
1478.32
9200.72
5977.66
5868.40
369.58
4828.64
1113.32
7625.66
3937.19
6612.45
1289.41
1547.90
5711.54
9982.30
7155.67
9872.13
1429.49
5385.60
9384.14
9530.63
8442.64
1322.67
5819.88
1954.10
2560.81
5054.48
5603.20
1954.41
7655.57
5050.51
8076.11
2251.05
8326.06
4237.19
9288.61
5207.37
944.55
8109.07
3913.39
8333.38
3396.71
6766.87
5384.38
5122.23
8820.46
4942.78
2068.24
7781.61
3663.75
9076.82
2287.67
3420.82
5373.70
5505.84
5999.94
258.19
21.97
8830.84
5951.11
5410.93
5189.67
4518.88
6116.21
827.36
8413.04
4808.19
232.86
8930.63
6512.65
1976.99
8251.29
4524.98
6111.33
8035.22
3500.17
4543.29
657.98
4907.99
8392.90
2179.02
4265.57
4167.91
1478.62
6984.47
7679.68
380.26
3656.42
7480.39
6686.91
7125.77
6356.70
7855.16
8280.28
9759.82
9514.45
5302.29
4886.62
3973.51
2133.85
9569.08
1977.90
4218.27
3270.06
1271.71
9368.57
1054.72
6225.47
545.98
1520.13
1491.74
3787.35
2588.58
7163.92
1374.86
7311.32
1658.99
3546.25
3888.06
7463.91
97.35
5623.65
3232.52
9439.68
3928.34
5503.40
7543.26
460.22
1605.58
2456.74
104.07
2376.78
7467.27
8808.56
2931.00
7175.51
6456.50
2017.88
1775.26
8211.00
1677.91
8264.72
6620.69
4973.30
1346.48
7848.75
6725.36
4201.48
6695.46
7723.01
4283.27
5159.15
7398.91
1464.28
5757.62
1881.16
6083.86
1998.66
4951.63
206.92
8480.79
7394.94
6884.37
2409.13
782.19
5033.72
6525.77
7235.63
775.17
4472.79
1459.09
8170.42
4298.84
4311.35
2532.73
7734.31
3602.10
3373.52
1559.50
628.38
9156.47
1520.13
133.06
3541.37
1486.86
402.23
8619.04
4427.02
4588.15
9468.06
9380.47
9069.19
7481.92
7535.33
3310.65
7741.33
5483.26
5246.13
3725.70
9780.57
7736.14
8708.15
6681.11
8879.36
2580.95
9643.85
1779.53
6916.71
7316.20
2353.89
2530.29
9133.88
3917.36
2811.36
317.09
8472.55
7275.92
194.10
1047.40
1883.91
7519.46
6175.12
8536.64
6423.84
2977.08
2275.46
3692.43
7946.10
5351.42
600.30
3566.70
203.56
3660.08
8261.36
9327.98
7176.43
8509.48
806.91
7225.26
6429.03
3262.73
4968.72
1603.14
6321.60
3666.49
6032.90
4026.92
4876.86
2493.06
158.39
7587.51
3121.13
769.07
6946.62
440.38
711.39
2146.67
2574.85
7650.99
6658.53
1981.57
8813.75
5396.59
2960.91
7680.29
8232.67
6599.32
3962.22
1881.16
909.15
2045.66
9242.53
5028.84
2957.85
6055.79
2858.06
8904.39
2182.99
766.93
6741.23
7677.85
1177.10
8094.12
1071.20
8041.02
3171.79
3424.48
9434.49
4983.67
954.92
120.24
1576.28
4780.42
4166.08
8876.00
1569.57
1742.61
5284.28
1008.03
4200.26
306.41
9620.96
9729.91
7390.97
9012.73
9625.23
8478.65
3472.70
7943.66
8822.90
354.32
7114.78
6182.44
5693.53
7735.83
2728.66
850.25
2802.82
6133.92
9157.38
4292.43
1500.60
1347.09
4460.28
966.52
7499.62
3978.09
8611.10
605.49
7642.14
378.12
6916.41
9208.04
3174.54
4078.80
1970.28
4426.10
9836.12
6774.50
6956.39
6910.31
75.99
2918.18
8109.68
4171.27
7714.16
6993.93
9150.97
8526.87
353.10
7526.17
5507.98
5691.40
9859.00
6890.77
1132.54
5572.68
6219.06
988.80
5727.71
1839.35
5092.93
7847.53
5199.13
1819.51
4365.67
9206.82
3139.44
3292.64
18.62
4158.45
6163.82
9741.81
6628.62
8900.42
899.69
621.36
2807.70
1661.73
5457.01
8211.00
6899.62
6870.94
3176.06
7610.10
3238.62
7622.30
1478.62
1442.30
4291.51
506.30
3625.60
5828.12
8987.40
1865.29
6199.22
9189.43
2552.26
9539.48
119.63
449.23
8164.31
9158.91
8010.80
8188.73
5728.93
9055.45
5722.22
7322.61
8106.02
2845.24
829.19
4856.41
81.48
3751.03
5914.18
1291.54
412.61
9726.25
9446.39
9232.76
2247.38
3440.66
2072.51
5767.08
2237.31
6194.34
1129.80
177.01
3654.90
9815.67
1194.49
3544.42
3825.19
5615.41
3476.67
1814.33
1188.09
4450.21
1875.97
8876.31
2302.32
6962.80
8512.53
1229.29
4100.47
8061.46
6537.37
791.04
1714.84
4698.94
3045.75
7412.64
7178.56
1015.66
9899.29
7664.72
9319.13
9908.75
5267.49
1454.82
156.25
5086.83
3710.14
3039.95
8117.92
2681.36
7603.08
7994.32
3379.92
6464.13
7723.62
2697.84
5653.25
5745.72
5813.78
7908.57
9721.06
9.46
6922.82
2976.17
9042.63
9349.65
4349.80
2263.86
2739.65
4766.69
4998.32
341.50
6269.11
7395.55
7950.07
7508.16
1102.02
716.88
4075.44
2209.54
3720.21
4821.92
9493.70
1915.65
9240.39
6789.15
688.50
9013.95
9977.72
6236.76
4102.60
3285.01
4268.93
115.67
8010.50
7527.08
5854.98
5799.74
9494.00
7881.10
9148.53
6541.64
4326.00
5431.38
687.89
8355.05
2578.20
633.56
2099.67
2381.97
7761.47
7139.81
4873.20
1814.94
2314.83
6580.10
2267.22
7429.43
7258.52
863.67
8656.88
792.57
8811.61
3562.12
1633.66
9212.32
9803.16
6935.94
7174.29
1483.20
8675.50
6170.84
3184.30
8501.85
3899.96
7379.99
1738.33
7799.31
6616.11
941.19
5319.99
6071.05
9301.74
6729.33
7379.99
8751.18
3296.30
2799.77
2522.35
701.93
2981.96
4099.86
6634.72
7081.52
9434.80
2756.13
2267.53
8443.86
1364.79
6508.68
9584.95
9147.31
6154.67
6852.02
8189.95
3119.30
8801.23
3444.93
145.27
6052.74
1588.79
6353.95
9495.83
8084.96
2292.25
2689.60
8605.91
6032.59
3729.36
9200.72
6629.23
9236.73
2471.08
7386.70
417.49
8084.05
9529.40
2695.70
3184.00
9268.47
824.30
4362.62
1233.25
6850.18
254.22
7456.59
4069.34
3180.94
3171.79
3697.62
8196.66
8753.01
3085.12
2605.98
9922.48
5037.69
9392.68
9544.97
7479.78
9375.29
8967.56
2219.92
7773.67
5974.61
9400.31
2201.30
8074.28
2093.88
6714.99
3022.25
7960.45
3455.92
5370.65
1428.27
1829.58
7964.11
3360.09
3328.96
7290.57
1783.81
218.21
1021.45
9741.81
6849.27
755.64
3245.03
8457.90
3855.71
2323.07
4631.18
4491.71
9806.51
8427.69
6109.20
5704.21
4170.35
6506.24
2833.03
9236.43
2717.37
2674.03
1188.70
6735.13
3088.78
1256.45
1447.80
2645.65
1172.83
1919.31
7625.66
882.90
2339.55
2208.62
1111.79
193.49
6604.21
8314.46
9631.03
3522.14
1777.40
1868.04
8097.78
1695.30
3666.80
5588.55
2930.69
6731.77
7391.28
5588.24
6384.17
5097.20
8872.65
3151.04
2461.93
6210.21
562.15
3796.81
976.59
6516.01
473.04
6442.46
1315.96
4439.22
8570.82
472.73
2477.19
6527.60
9592.27
3536.48
935.70
98.88
6354.26
7873.17
2905.97
2706.08
2609.03
7992.19
2560.20
3729.97
9516.59
7508.16
2769.25
8413.65
4790.49
7953.12
9920.04
9649.65
8583.64
7369.00
9382.61
7837.46
5173.80
1502.12
3181.55
4113.90
4512.77
5404.52
6438.79
7281.11
2700.89
8261.06
4144.72
9733.27
5450.00
9247.72
4829.55
2702.72
3598.74
7241.74
2685.93
6135.44
4737.69
2190.31
4715.42
3504.14
14.34
949.74
4454.18
6880.40
172.73
5413.07
8845.79
2569.05
9897.15
5733.82
9817.19
2623.98
4514.30
6459.24
7129.43
2554.09
8129.52
8388.01
4055.30
532.55
7241.13
3961.91
2454.91
8425.55
8913.54
9004.49
8807.95
9945.68
7559.74
8621.78
7761.77
6250.19
9400.92
72.94
4768.21
4291.21
8662.98
431.23
4358.35
8233.59
4575.95
1834.77
5628.83
9250.16
3235.88
2154.30
1494.49
4009.22
3390.30
3881.65
3276.77
7168.19
215.77
9050.57
7181.62
8177.74
6143.68
3009.13
4239.02
7722.40
2799.16
4851.22
260.63
4095.58
3117.47
7318.34
7378.15
4834.13
7698.29
3988.77
3726.00
3914.91
4458.14
6565.75
2836.09
9833.67
5650.50
71.11
9293.50
4871.67
1308.33
8767.36
2231.82
871.91
3176.06
608.84
3220.01
1825.01
8192.39
3047.27
104.98
8589.13
5585.50
7990.97
3376.87
6047.24
6646.02
8741.72
6612.14
8023.32
1236.30
6713.16
7566.76
260.32
101.63
749.23
1470.69
6779.69
7043.98
6852.93
3096.10
9929.20
20.45
1133.46
9155.55
9440.29
5235.45
3796.20
7595.14
795.92
3274.33
6972.87
5344.40
8231.45
1360.21
4215.22
1087.07
2673.12
779.44
4463.33
4611.96
9935.30
3548.08
8294.02
9310.28
9479.66
7379.38
9270.91
9376.81
9055.45
3014.01
8204.29
8286.39
5531.48
2976.78
3131.20
94.91
7230.75
5819.88
2833.64
142.22
8081.30
4918.06
6702.17
6706.75
8898.28
5878.48
8761.25
180.67
6104.92
1623.89
8665.43
1330.91
3209.02
9215.06
7483.75
5198.83
5343.79
7474.29
1077.91
2211.07
2190.92
9472.03
8894.01
3059.48
9591.66
8939.18
973.54
8910.18
5163.43
4668.11
1004.36
3511.46
8233.59
1963.26
8214.67
8755.76
9400.62
5206.76
5927.30
260.32
36.62
597.86
9592.58
4535.36
7046.42
3132.73
2097.54
4288.46
3188.27
6883.14
9181.19
3443.10
8278.45
2640.16
2752.16
8424.33
1583.91
1982.18
4936.98
7273.48
721.15
1831.72
655.54
3163.55
7369.00
8563.49
1551.26
3866.08
5111.85
5724.36
9076.21
3740.35
9724.72
4432.20
9551.68
9803.77
7211.52
508.13
9013.03
8446.61
9909.67
7415.69
652.49
4354.69
5972.47
9055.15
2672.51
8201.24
2547.07
1493.58
9359.42
4669.64
7950.38
7674.79
3194.98
7372.66
3165.69
4183.17
816.37
2226.63
7968.08
4123.36
631.43
5847.96
1987.67
5170.45
4912.26
527.05
6031.07
6862.39
4169.44
2352.98
3967.10
6192.51
6628.01
4039.43
490.43
5564.44
609.76
9023.71
5080.42
2172.61
2641.38
8395.95
7457.81
2872.71
9094.52
7224.95
4864.65
3600.88
4176.46
1837.52
6468.09
7408.06
2080.75
4622.03
5207.07
168.16
6106.75
7909.18
2394.18
8026.98
2569.96
3500.78
5383.16
5648.67
2305.06
9404.58
3612.48
9328.90
7582.93
337.23
3346.66
4031.80
7246.93
3562.43
6414.69
8415.17
7887.20
6619.46
3268.84
6906.95
3860.59
8511.92
5672.48
2895.29
3972.59
914.94
9326.76
2094.49
7629.93
965.61
1752.68
146.79
8279.06
2194.89
5741.75
3529.77
6944.18
5168.92
3680.53
7821.59
3671.99
4400.77
3071.08
2395.40
9701.83
3091.52
8553.42
5602.59
8169.81
2267.53
743.74
9503.77
6160.47
5874.51
7205.11
8214.97
5919.37
8391.67
5852.53
8930.02
8038.58
6525.77
6120.49
9680.78
4424.57
1553.09
8190.56
2895.90
3867.92
3864.86
5599.23
8828.09
8020.26
6284.98
1540.88
7901.24
594.20
7718.13
4169.44
6049.38
7600.63
3693.35
1218.30
2106.69
1429.18
5364.24
9251.99
1308.02
6595.35
3528.55
7854.24
3968.02
9952.39
9230.63
4074.53
3397.02
3195.90
7505.72
7438.28
2117.98
461.13
5836.05
835.90
446.49
8832.97
3872.49
7607.04
6498.31
4575.03
5989.26
120.55
1681.26
2900.78
3233.13
182.50
743.74
4084.29
6231.27
6561.17
429.40
3736.69
5616.02
9962.46
5815.00
53.41
1532.94
753.50
8379.77
5846.13
8795.13
9757.38
4880.21
8172.55
9239.78
7420.88
1087.68
3378.09
7859.74
1680.96
9449.45
357.68
4264.96
9828.18
4737.69
9854.43
6035.95
4690.08
6755.58
2604.14
5538.50
444.35
4146.55
4143.50
6755.27
8371.23
8388.93
9086.89
3700.06
7859.74
2022.46
2689.60
6976.53
2981.96
179.14
2511.67
44.25
9945.98
9475.08
7987.00
1754.81
5738.70
3328.65
718.10
6717.73
3273.72
7769.71
3307.29
62.87
3356.12
6794.34
9530.93
8161.56
8774.99
1337.63
3677.48
1861.32
836.82
920.74
1858.88
3809.63
3656.42
2034.06
3104.04
6417.74
6509.29
2324.29
3051.24
2032.53
9566.03
4643.70
8052.00
1878.41
3317.36
23.80
2494.89
5332.19
7003.69
3640.55
7168.49
6088.75
6359.75
2825.71
1467.33
6788.23
5988.65
1195.72
7262.49
8661.15
6678.67
7954.34
7240.21
7753.53
2971.28
6433.91
5529.65
4299.14
1298.87
936.61
3426.92
6798.00
3997.92
5941.95
8028.81
7364.42
9517.20
6734.82
6588.34
9906.00
4125.49
5527.21
4408.70
7698.90
5440.84
2127.45
9081.39
1919.31
3084.20
3224.28
8885.77
7694.33
6777.25
9345.38
8162.18
9234.90
7192.91
3554.19
7468.49
612.81
9872.74
950.65
1336.10
3747.67
7522.51
3030.18
1435.59
157.78
1000.70
5973.08
7962.28
8048.65
4309.82
6917.94
7062.29
1292.46
3903.01
7290.26
7101.35
1867.43
7622.91
7241.13
1596.42
2312.69
3577.07
261.85
1619.31
9769.89
4272.90
2040.47
5485.40
8164.92
6314.89
2612.69
8539.69
100.71
980.86
5882.44
852.69
5017.24
5993.23
5563.83
5642.57
5182.96
3789.18
1614.12
6224.86
6081.73
6612.14
6216.62
4318.67
2758.26
3727.53
3374.74
7506.33
8681.29
1084.02
1185.64
8669.70
8686.79
8725.85
850.25
5208.29
2571.79
6272.77
1481.98
859.40
889.00
1778.62
4783.17
7924.13
9513.84
4282.05
8644.06
2717.37
4543.29
5359.66
3729.67
2055.12
4089.48
9996.34
2121.65
3587.45
8530.23
2085.02
2067.32
7789.85
5776.24
4867.40
7910.09
4431.59
3127.23
1627.86
9253.52
1326.64
2264.78
6955.47
8430.13
8181.40
8956.88
3882.87
331.43
3353.98
4030.27
7217.63
3663.44
6337.78
7177.34
